# F1/F2	F1/F3	F2/F3	F2/F4	F3/F4
#
1	62.3996569468268	7275.8	116.6	0	0
1.1	56.7396870554765	5698.28571428571	100.428571428571	0	0
1.2	51.9461077844311	4819.44444444444	92.7777777777778	0	0
1.3	47.9416581371546	4258.09090909091	88.8181818181818	0	0
1.4	44.4964601769911	3591.5	80.7142857142857	0	0
1.5	41.4984544049459	3158.76470588235	76.1176470588235	0	0
1.6	38.8930517711172	2718.80952380952	69.9047619047619	0	0
1.7	36.5813672111313	2418.76	66.12	0	0
1.8	34.5159545700379	2127.33333333333	61.6333333333333	0	0
1.9	32.6923076923077	1918.57142857143	58.6857142857143	0	0
2	31.0378854625551	1718.43902439024	55.3658536585366	0	0
2.1	29.5436698717949	1568.95744680851	53.1063829787234	2496	47
2.2	28.185944363104	1426	50.5925925925926	2732	54
2.3	26.9459368703828	1315.49180327869	48.8196721311475	2978	61
2.4	25.8082869511441	1192.34285714286	46.2	3234	70
2.5	24.7673621034581	1096.9746835443	44.2911392405063	3499	79
2.6	23.797880794702	1020.875	42.8977272727273	3775	88
2.7	22.9041871921182	939.30303030303	41.010101010101	4060	99
2.8	22.0771704180064	873.854545454545	39.5818181818182	2177	55
2.9	21.3042078145127	813.401639344262	38.1803278688525	2329	61
3	20.5843894588614	763.619402985075	37.0970149253731	2485.5	67
3.1	19.9081979599547	712.121621621622	35.7702702702703	1764.66666666667	49.3333333333333
3.2	19.2751510842517	669.395061728395	34.7283950617284	1875.33333333333	54
3.3	18.6807440925088	626.224719101124	33.5224719101124	1989	59.3333333333333
3.4	18.1215766977996	590.072164948454	32.5618556701031	1579.25	48.5
3.5	17.5942180946675	556.677725118483	31.6398104265403	1669	52.75
3.6	17.0958262350937	525.864628820961	30.7598253275109	1408.8	45.8
3.7	16.6262803234501	497.447580645161	29.9193548387097	1484	49.6
3.8	16.1784524724571	471.227611940298	29.1268656716418	1301	44.6666666666667
3.9	15.7551219512195	447.031141868512	28.3737024221453	1366.66666666667	48.1666666666667
4	15.3538711927459	424.675241157556	27.6591639871383	1228.85714285714	44.4285714285714
4.1	14.9711527793188	403.997005988024	26.9850299401198	1126.625	41.75
4.2	14.6074003392706	383.779944289694	26.2729805013928	1179	44.875
4.3	14.2594320486815	366.140625	25.6770833333333	1095.55555555556	42.6666666666667
4.4	13.9276418026418	348.902676399027	25.0510948905109	1029.6	41.1
4.5	13.610800744879	333.744292237443	24.5205479452055	976.363636363637	39.8181818181818
4.6	13.3078091493924	318.93147751606	23.96573875803	932.666666666666	38.9166666666667
4.7	13.0176793683488	305.195171026157	23.4446680080483	896.307692307692	38.2307692307692
4.8	12.739603960396	292.431818181818	22.9545454545455	865.714285714286	37.7142857142857
4.9	12.4726897427755	280.046345811052	22.4527629233512	839.733333333333	37.4
5	12.2162079510703	268.551260504202	21.9831932773109	769.411764705882	35
5.1	11.9704516984747	257.85873015873	21.5412698412698	753.944444444444	35
5.2	11.7338308457711	247.89039039039	21.1261261261261	740.526315789474	35.0526315789474
5.3	11.505728201962	238.576102418208	20.7354196301565	694.142857142857	33.4761904761905
5.4	11.2863958650852	229.545822102426	20.3382749326146	685.954545454545	33.7272727272727
5.5	11.0753907250833	221.111253196931	19.9641943734015	650.5	32.5833333333333
5.6	10.8714453875225	212.956310679612	19.5885922330097	620.807692307692	31.6923076923077
5.7	10.6747616477784	205.332179930796	19.2352941176471	595.607142857143	30.9642857142857
5.8	10.4850174216028	198.190998902305	18.9023051591658	574	30.3666666666667
5.9	10.3017445132245	191.287356321839	18.5684430512017	555.3125	29.90625
6	10.1245703061057	184.629850746269	18.2358208955224	539.029411764706	29.5588235294118
6.1	9.95315229474353	178.561253561254	17.9401709401709	524.75	29.25
6.2	9.78722638988799	172.691749773345	17.6446056210335	512.157894736842	29.0263157894737
6.3	9.62644710578842	167.025108225108	17.3506493506494	488.780487804878	28.1707317073171
6.4	9.47054545454546	161.69701986755	17.0736754966887	468.75	27.4545454545455
6.5	9.31980580693816	156.555027711797	16.7980997624703	461.217391304348	27.4565217391304
6.6	9.17342073897497	151.712661106899	16.538286580743	445.183673469388	26.9183673469388
6.7	9.03162637166563	147.03776325345	16.2803195352215	431.115384615385	26.4807692307692
6.8	8.89374267228278	142.628133704735	16.0369080779944	418.709090909091	26.1090909090909
6.9	8.76004398206885	138.370073480294	15.7955911823647	407.689655172414	25.8103448275862
7	8.63026906753472	134.261538461538	15.5570512820513	391.435483870968	25.1612903225806
7.1	8.50383549540142	130.379926108374	15.3318965517241	383.061538461538	24.9846153846154
7.2	8.38100646171921	126.632544378698	15.1094674556213	370.072463768116	24.4927536231884
7.3	8.26160369790274	123.087080250427	14.8986909504838	363.569444444444	24.4027777777778
7.4	8.14538676607642	119.660460021906	14.6905805038335	352.960526315789	24.0263157894737
7.5	8.03227919502165	116.351607801792	14.4855034264628	343.4875	23.7125
7.6	7.92213653647962	113.215337734891	14.2910106653123	331.047058823529	23.1647058823529
7.7	7.81502569087627	110.18306412139	14.0988742046011	323.640449438202	22.9550561797753
7.8	7.71037454200027	107.253893345918	13.9103350637093	313.574468085106	22.5425531914894
7.9	7.60852983119424	104.424214838416	13.7246244879381	307.683673469388	22.4183673469388
8	7.5094211123723	101.736818980668	13.5478910369069	299.368932038835	22.0970873786408
8.1	7.41235249333841	99.137462876538	13.3746287653797	291.888888888889	21.8240740740741
8.2	7.31780371221057	96.625	13.2040983606557	282.614035087719	21.4035087719298
8.3	7.22562809490537	94.1964356435644	13.0364356435644	276.613445378151	21.218487394958
8.4	7.13571874721157	91.8843355036385	12.8766756032172	268.968	20.888
8.5	7.04777023681221	89.6469062615784	12.7198962578733	264.084615384615	20.7615384615385
8.6	6.96193574159676	87.4822517031194	12.5657941914665	257.691176470588	20.5073529411765
8.7	6.87790421338105	85.3877125997918	12.414786532454	250.118881118881	20.1468531468531
8.8	6.79598268113559	83.3610084033614	12.266218487395	244.912751677852	19.9664429530201
8.9	6.71571340300352	81.4263843648208	12.1247557003257	240.148387096774	19.8064516129032
9	6.63741503767322	79.5274621212121	11.9816919191919	234.308641975309	19.5555555555556
9.1	6.560660482183	77.7138047138047	11.845423936333	228.988165680473	19.3313609467456
9.2	6.485701247338	75.9566508313539	11.7114014251781	222.847457627119	19.0282485875706
9.3	6.41232522267005	74.2543935465284	11.5799481417459	218.445652173913	18.8641304347826
9.4	6.34047229480573	72.6051454138703	11.451062639821	213.276041666667	18.625
9.5	6.27023592596145	71.0070594623948	11.3244637523758	208.54	18.415
9.6	6.20140327745338	69.4583333333333	11.2004219409283	204.192307692308	18.2307692307692
9.7	6.13392382229828	67.9572124007174	11.0789136561619	200.189814814815	18.0694444444444
9.8	6.06788749034398	66.5019920318725	10.9596613545817	195.617777777778	17.8488888888889
9.9	6.00323725748476	65.0910191236989	10.842653110627	191.41452991453	17.6538461538462
10	5.93978891010028	63.7376971980221	10.7306333882741	187.543209876543	17.477366255144
10.1	5.87765051014905	62.4099862574439	10.6181859825928	183.964285714286	17.3253968253968
10.2	5.81662778366914	61.1219077334522	10.5081346110987	179.961832061069	17.1259541984733
10.3	5.75692474553646	59.8850075938382	10.4022564547624	176.264705882353	16.9448529411765
10.4	5.69827462404858	58.6715251373046	10.2963667089142	172.847517730496	16.7872340425532
10.5	5.64075808339725	57.4937255708702	10.1925529726394	169.678082191781	16.6472602739726
10.6	5.58431473795007	56.3501002004008	10.0907815631263	166.181518151815	16.4686468646865
10.7	5.5289265890079	55.250390625	9.99296875	162.942675159236	16.3057324840764
10.8	5.4746623571511	54.1713306681896	9.89491719017704	159.932307692308	16.1630769230769
10.9	5.42127393601909	53.1230512249443	9.79899777282851	156.66765578635	15.9881305637982
11	5.3689177343852	52.1042533936652	9.7047963800905	153.636103151862	15.8309455587393
11.1	5.31749471944164	51.1142302259887	9.61246468926554	150.817174515235	15.6897506925208
11.2	5.26695612844867	50.1517657192076	9.52196382428941	147.794117647059	15.5213903743316
11.3	5.21736650744992	49.2075979156161	9.43150109262061	145.357512953368	15.4119170984456
11.4	5.16860128193871	48.2976698391861	9.34443715129636	142.3625	15.235
11.5	5.12063475582321	47.4124339048229	9.25909309405544	139.917675544794	15.1113801452785
11.6	5.07363250268638	46.5438898450947	9.1736817399468	137.304449648712	14.9672131147541
11.7	5.02728785917245	45.7059003362886	9.0915622133904	134.868480725624	14.8344671201814
11.8	4.98184892336765	44.8835125448029	9.00940860215054	132.586813186813	14.7164835164835
11.9	4.93710465667446	44.0830414477525	8.92892586106246	130.172340425532	14.5787234042553
12	4.8931300170863	43.3038516405136	8.84992867332382	127.913402061856	14.4536082474227
12.1	4.84982273168095	42.5451882845188	8.77252440725244	125.546906187625	14.311377245509
12.2	4.80729901822402	41.8061920349154	8.69639934533552	123.56976744186	14.2093023255814
12.3	4.76539943369076	41.0808323329332	8.62064825930372	121.483082706767	14.0921052631579
12.4	4.72425112217167	40.3743475991649	8.54618997912317	119.304189435337	13.959927140255
12.5	4.68368715252143	39.6911389172625	8.47433605720123	117.263250883392	13.8374558303887
12.6	4.64383011628944	39.0202424090966	8.40259902536549	115.344768439108	13.7272727272727
12.7	4.60458869121015	38.3663160469667	8.33219178082192	113.351081530782	13.603993344426
12.8	4.5659444967756	37.7242576628352	8.26209291187739	111.478190630048	13.4927302100162
12.9	4.52789423228262	37.1028256536522	8.1942783444718	109.715855572998	13.3893249607535
13	4.49040635243586	36.4924790446664	8.12676541508784	107.890243902439	13.2759146341463
13.1	4.45352682620526	35.8971994151389	8.06039815543808	106.17037037037	13.1718518518519
13.2	4.41717546205053	35.3164738292011	7.99526170798898	104.548991354467	13.0763688760807
13.3	4.38141073640931	34.7499190152251	7.93121693121693	102.872549019608	12.9705882352941
13.4	4.34614246516382	34.1933333333333	7.86751322751323	101.153741496599	12.8571428571429
13.5	4.31142769811421	33.653734439834	7.80570539419087	99.6649006622517	12.7682119205298
13.6	4.27719339715558	33.1235635106275	7.74422861791925	98.003861003861	12.6550836550837
13.7	4.24346878122851	32.6026523083059	7.68301924419184	96.5576441102757	12.5676691729323
13.8	4.21021036428938	32.0973987874047	7.62370428319969	95.0731707317073	12.4707317073171
13.9	4.17748643302734	31.6008056781124	7.5645501630539	93.5563463819691	12.367734282325
14	4.14518858346181	31.1158261196838	7.50649228453143	92.1235565819861	12.2725173210162
14.1	4.11335696227631	30.6420790251108	7.44940915805022	90.7671541057368	12.1844769403825
14.2	4.08197826166873	30.1791991302772	7.39327776771154	89.3833515881709	12.0898138006572
14.3	4.05099060890639	29.7241931181648	7.33751222548235	88.0736392742796	12.0032017075774
14.4	4.02048080149561	29.2795426776052	7.2825973119218	86.8303850156087	11.9229968782518
14.5	3.99038700883068	28.8449147459515	7.22860080541513	85.4761904761905	11.8247213779129
14.6	3.96070959572273	28.4200740366818	7.17550058892815	84.2766798418973	11.7450592885376
14.7	3.93142565506362	28.0023132848645	7.12268671513549	83.0568400770713	11.6608863198459
14.8	3.90253614872619	27.5938818565401	7.07075624797144	81.8215962441315	11.5718309859155
14.9	3.87400788018486	27.1943248844253	7.01968754981667	80.6492673992674	11.489010989011
15	3.84590838099304	26.803602192639	6.96938136256852	79.5344057193923	11.4119749776586
15.1	3.8181605897855	26.4192505962915	6.9193660075402	78.4054054054054	11.3312990409765
15.2	3.79076652176305	26.0432481475881	6.87017994858612	77.266156462585	11.2465986394558
15.3	3.76374727668845	25.6752619454559	6.82172846845508	76.1825726141079	11.1676348547718
15.4	3.73706287673744	25.3132714922212	6.77357388065152	75.1515397082658	11.0948136142626
15.5	3.71070498313335	24.9607927617406	6.72669826224329	74.1107594936709	11.0174050632911
15.6	3.6847044897269	24.6139508613386	6.680033888732	73.0625482625483	10.9374517374517
15.7	3.65905166549808	24.2726830961472	6.63359944463728	72.0641025641026	10.8634992458522
15.8	3.63368911917098	23.9401242575271	6.58837987301154	71.1127487103906	10.7936624907885
15.9	3.60866754238332	23.6128793983347	6.54337899543379	70.154067674586	10.7213822894168
16	3.5839677199687	23.2923574872845	6.49904220886452	69.190576652602	10.6462728551336
16.1	3.55954538133204	22.976866593021	6.4550003249074	68.2721649484536	10.5766323024055
16.2	3.53543935223964	22.6678601112461	6.4116105108369	67.3498992612492	10.5043653458697
16.3	3.51162170438493	22.3650204466813	6.36885813148789	66.4694681549573	10.4366382140512
16.4	3.48810467494593	22.0682929849545	6.32672899510866	65.6281310211946	10.3731535003211
16.5	3.46488064071984	21.7761730652041	6.28482632541133	64.7419962335217	10.30131826742
16.6	3.44193263263071	21.4911217756449	6.24391121775645	63.8956414978514	10.2332719459791
16.7	3.41925380096916	21.209105940711	6.2028463446321	63.0864864864865	10.1705705705706
16.8	3.39681491405174	20.9338915053201	6.16280016280016	62.2761457109283	10.1051703877791
16.9	3.37467390999448	20.6628499456117	6.1229175015744	61.4649425287356	10.0385057471264
17	3.3527825401974	20.3970231719005	6.08361053165699	60.6889763779528	9.97581552305962
17.1	3.33114401719608	20.1363207285246	6.04486645566106	59.9130434782609	9.91139240506329
17.2	3.30978246023001	19.8795121417633	6.00628965215489	59.1697198275862	9.85129310344827
17.3	3.28863131668743	19.6276062712138	5.96832067237757	58.4272151898734	9.78955696202532
17.4	3.2677358439908	19.3804140127388	5.93083864118896	57.7153925619835	9.73140495867769
17.5	3.24707844929324	19.1379111971131	5.89388630301762	57.0040465351543	9.67172483560951
17.6	3.22666443773811	18.8988920381345	5.85709868590569	56.2937097573056	9.61119366022784
17.7	3.2064771676351	18.6643644304505	5.82083185211518	55.5858389912706	9.54946653734239
17.8	3.18650285516525	18.4341558636568	5.78507432804445	54.9334600760456	9.49572243346008
17.9	3.16676391343893	18.2072520966946	5.74948199309324	54.256052141527	9.4366852886406
18	3.14722777754138	17.9844866994116	5.71438992364927	53.606295620438	9.38093065693431
18.1	3.12792484046325	17.7657972960015	5.67973918880046	52.9584264640143	9.32409476978096
18.2	3.10881505794092	17.5510281257386	5.64556842354053	52.3136224266316	9.26631625054753
18.3	3.08994559574733	17.3392682358425	5.61151246795619	51.6938600257621	9.21210820094461
18.4	3.07124258404746	17.1313140598428	5.5779749046284	51.0774410774411	9.15698653198653
18.5	3.0527696936006	16.927020533974	5.54480757898554	50.4845233182006	9.10482872472142
18.6	3.03447996171597	16.7255901287554	5.51184728183119	49.894374747066	9.05220558478349
18.7	3.01639383842774	16.5284441700476	5.47953783736109	49.3071428571429	8.9984126984127
18.8	2.99849863039954	16.3339713751251	5.44738330360639	48.7423121837291	8.94783962631374
18.9	2.98077426001506	16.1421827389382	5.41543281404232	48.1806032836961	8.89690721649485
19	2.96326386158081	15.9543953252033	5.38406165311653	47.621722846442	8.84494382022472
19.1	2.94590839551656	15.7691150664327	5.35288710620874	47.0841602352076	8.79603087100331
19.2	2.92875791169886	15.5869959594294	5.32204997113878	46.5324441240087	8.74333093006489
19.3	2.91177035994679	15.4079996744792	5.2916259765625	46.0180467091295	8.6963906581741
19.4	2.89494935617076	15.2313561704349	5.26135496566403	45.490625	8.64618055555555
19.5	2.87832820621619	15.0577136514983	5.23140954495006	44.9822767552829	8.59850034083163
19.6	2.8618440847274	14.8869194349885	5.20186250342372	44.4777517564403	8.55035128805621
19.7	2.84555182997409	14.7189817676143	5.1726282447466	43.9766830870279	8.50180623973727
19.8	2.82941856844166	14.5532377393029	5.14354358935245	43.4937117059013	8.45598194130925
19.9	2.81344091166749	14.3902025754951	5.11480533172679	43.0142495250158	8.40975300823306
20	2.79761556679629	14.2298111243308	5.08640690065437	42.5385572139304	8.36318407960199
20.1	2.78196678473956	14.0720370098399	5.05830518431488	42.0794135613928	8.31887599266952
20.2	2.76646339705331	13.916781492494	5.03053158314599	41.6237623762376	8.27422742274227
20.3	2.75110955217043	13.7635282741826	5.00290083443756	41.1718243442381	8.22959033303861
20.4	2.73589506611688	13.6126989741776	4.97559250088433	40.7237984944991	8.18471337579618
20.5	2.72084336583747	13.4642719871414	4.94856563821238	40.2910384068279	8.14196301564723
20.6	2.70594382298278	13.3181567138419	4.92181567138419	39.8504751257686	8.09670206819452
20.7	2.69116253796639	13.1738848724594	4.89523939435275	39.4254325734688	8.05383136500961
20.8	2.67655301745912	13.0318733153639	4.86890161725067	39.0143088552916	8.01295896328294
20.9	2.6620494806525	12.892465958651	4.84306022572161	38.5967100026532	7.96948792783232
21	2.64771120869215	12.7543588393973	4.81712612671886	38.1927490871153	7.92853416797079
21.1	2.63349865324206	12.6187906371912	4.79164499349805	37.7925641025641	7.88717948717949
21.2	2.61940937371504	12.4852846677805	4.76645032772137	37.3962692210739	7.84572724981094
21.3	2.60547589227709	12.3534025594614	4.74132291765901	37.0126425384234	7.80639563708478
21.4	2.59166017821611	12.2235091023227	4.71647834274953	36.6236899829393	7.76504996344139
21.5	2.57795999338734	12.0955601749868	4.69191151376005	36.2476030680729	7.72555129434324
21.6	2.56440685762349	11.9695129431972	4.66755612808244	35.8748231966054	7.68599717114569
21.7	2.55096416933857	11.8449666464524	4.64332929047908	35.5059123579875	7.6466496638071
21.8	2.53765283077642	11.7226369277813	4.61948016907995	35.1487226277372	7.60880474452555
21.9	2.52444742561933	11.601742893559	4.5957554020808	34.787300875028	7.5694413282477
22	2.51137179487179	11.482575690964	4.57223248043612	34.4370860927152	7.5317880794702
22.1	2.49842627045211	11.3651856360317	4.54893777352694	34.0903562119896	7.49413553431798
22.2	2.48557351302057	11.2494482501648	4.52589641434263	33.7545959811885	7.45810175288585
22.3	2.47284630638003	11.1354140091278	4.50307565836097	33.4150189314262	7.42048801009676
22.4	2.46023879252084	11.0229624022205	4.48044410799899	33.0788656592838	7.38294348996067
22.5	2.44773036895112	10.9118136439268	4.45793122573489	32.7532599837001	7.34718826405868
22.6	2.43534941249227	10.8025456740001	4.43572721786361	32.4308062575211	7.31127156036903
22.7	2.42305729586159	10.694499470842	4.4136387072264	32.1119447186574	7.2756169792695
22.8	2.41088806298597	10.5879731543624	4.39173154362416	31.7963070942663	7.24003887269194
22.9	2.39880999410467	10.4829353802024	4.3700565722026	31.4843092231152	7.20455415231535
23	2.38684433164129	10.3793293740474	4.34855731329164	31.1814584511023	7.17052948935368
23.1	2.37498648015286	10.2771782937674	4.32725759900153	30.8760667903525	7.13525046382189
23.2	2.36322245657642	10.1764009674265	4.30615447949365	30.5797551617029	7.10140690663256
23.3	2.35157039132036	10.0769955442393	4.28521960534691	30.2864855137664	7.06766240777398
23.4	2.34000035452402	9.97868319600877	4.26439388212765	29.9966323998582	7.03420772775612
23.5	2.32853247775858	9.88192019950125	4.24384039900249	29.7098463687151	7.00069832402235
23.6	2.3171628271211	9.78647414537826	4.22347278785635	29.4263112639725	6.96732588134136
23.7	2.30589719148145	9.6920577529133	4.2031612635282	29.1507963402236	6.93544561165707
23.8	2.29472601037108	9.59914877152254	4.18313503579029	28.8734768819897	6.90235353029544
23.9	2.28363607090902	9.50720543878968	4.16318762866855	28.6041118421053	6.87072368421053
24	2.27264460115647	9.41646523531921	4.14339542158396	28.3330092367526	6.83811375789986
24.1	2.2617424845823	9.32714731483002	4.12387678014218	28.0696263174705	6.80661130629192
24.2	2.25093520619811	9.23876332721656	4.10441104736243	27.8090966320428	6.77541706011961
24.3	2.2402139338494	9.15153745314045	4.08511763758883	27.5515743756786	6.74437722971925
24.4	2.22957843505144	9.06560848970669	4.06606394607397	27.2968964990063	6.71334658309127
24.5	2.21903138093965	8.9806070446038	4.04708429170613	27.0452079566004	6.68264014466546
24.6	2.20855460824639	8.89665490598902	4.02827028716895	26.7964943553179	6.65210932857992
24.7	2.19818214910128	8.81397200291913	4.00966407925872	26.5504466246888	6.62161370625275
24.8	2.18788790052186	8.73214481263278	3.99112989772006	26.3111464048513	6.59240542881894
24.9	2.17767051783257	8.65135246523937	3.97275547168174	26.0708896797153	6.56241992882562
25	2.16753502876732	8.57173856995531	3.95460209694053	25.8370297585626	6.53340819764177
25.1	2.15747988928293	8.49291338582677	3.93649712704831	25.602214532872	6.5038062283737
25.2	2.14751435011593	8.41526656407446	3.91860783776377	25.3736008736009	6.47515697515698
25.3	2.13761462978528	8.33855406590653	3.90086872990018	25.1442993673442	6.44582043343653
25.4	2.12779627607149	8.2626091273946	3.88317679672307	24.9210037174721	6.41768454593733
25.5	2.1180578015068	8.18776003771187	3.86569244327847	24.7002357255107	6.38960188580409
25.6	2.10839775215682	8.11381635056654	3.84833285952159	24.478816843193	6.36088865926117
25.7	2.09879843292126	8.0407420075247	3.83111683399392	24.263251783894	6.33320591233435
25.8	2.0892802074023	7.96856185957498	3.8140225668833	24.0501571338781	6.30571967316153
25.9	2.07984725596591	7.89724038480533	3.79702901843036	23.8393898052834	6.27843234528091
26	2.0704765061052	7.82676271385507	3.78017460752457	23.6282882662425	6.25058118194054
26.1	2.06116179578372	7.75709491571454	3.76345754689531	23.4226729445853	6.22371121574309
26.2	2.05193352590776	7.6884095584136	3.74690966414826	23.2193233261854	6.19692637598284
26.3	2.04277965616924	7.62039400983119	3.73040429828907	23.0183399952974	6.17046790500823
26.4	2.03368872754636	7.5532895233779	3.71408338998414	22.8197006613296	6.14410024364775
26.5	2.0246697373083	7.48697312270719	3.69787377405106	22.6233825718539	6.11794343295546
26.6	2.0157062522675	7.42141293458499	3.68179288338095	22.4294755877034	6.09199819168174
26.7	2.00681753194307	7.35659641766891	3.6658023465372	22.237728692548	6.06626506024096
26.8	1.99799720307662	7.29266247379455	3.64998632759092	22.045804888791	6.03996916978639
26.9	1.98923913097529	7.22931237010933	3.63420981295744	21.8585869565217	6.01467391304348
27	1.98054719372599	7.16681596674789	3.61860398452057	21.67357012555	5.98948385019852
27.1	1.97191534673233	7.10501074619443	3.60310129842448	21.4907299502066	5.96450895221951
27.2	1.96334747010662	7.04390321217244	3.58770076077768	21.3100418410042	5.93974895397489
27.3	1.9548471607183	6.98358651999302	3.572446306967	21.1313778145011	5.915100185912
27.4	1.94639910835528	6.92382139579979	3.55724648972454	20.9527840097899	5.89016928411177
27.5	1.93802131547189	6.86483888135419	3.5421895654861	20.7783484390735	5.86596173212487
27.6	1.92969839714662	6.8064895047752	3.52722970327369	20.6059671805072	5.84196916956738
27.7	1.92143904256086	6.74891109835567	3.51242529628254	20.4336083284227	5.81752111569436
27.8	1.9132370257618	6.69181315921647	3.49763937719739	20.2652051605393	5.7939664370938
27.9	1.90509651000377	6.63546250020755	3.48300596078171	20.0987831752419	5.77052792948165
28	1.89701176492931	6.57982708933718	3.46852202552491	19.9324311535914	5.74666414308697
28.1	1.88897715612425	6.52466272498612	3.45407179956228	19.7699354959334	5.72366083948771
28.2	1.88101013050502	6.47020800933126	3.43975181441161	19.6074429771909	5.70024933050143
28.3	1.87309137477308	6.41631315079059	3.42552063247204	19.4469074986316	5.67706622879037
28.4	1.86522476556258	6.362985750263	3.41137747457681	19.2900405588103	5.65461919783686
28.5	1.85742276581683	6.31033283263499	3.39735947505732	19.13321460374	5.63178984861977
28.6	1.8496664456879	6.25821124949023	3.38342692223233	18.9782685201478	5.60918528945979
28.7	1.84196429396064	6.20664436318369	3.36957908659457	18.8251760410328	5.5868034425802
28.8	1.83431930886642	6.15570341324853	3.3558516139988	18.6738252727429	5.5645563095954
28.9	1.82673051806704	6.10528250447994	3.34219111362975	18.5241935483871	5.54252971137521
29	1.81918035855319	6.05546606692399	3.32867823602711	18.3764261744966	5.52063758389262
29.1	1.81169755542922	6.00616678980143	3.31521493297951	18.2302462482381	5.4989636016914
29.2	1.80426006225617	5.95736213757817	3.30183118398612	18.0843166175025	5.47705670272042
29.3	1.79686717074822	5.9091327454648	3.28857516107004	17.9416052482384	5.45573823600875
29.4	1.78953073138262	5.86139591067114	3.2753815332037	17.7990714056996	5.43419788664745
29.5	1.78223735800865	5.81412992632441	3.26226464740966	17.6596502334415	5.41331012107304
29.6	1.77499430755287	5.76741183468005	3.24925652445128	17.5204161451815	5.39213078848561
29.7	1.76780519053	5.72116325942989	3.23630866685862	17.382771419734	5.37117228580266
29.8	1.76066133286053	5.6754586500543	3.22348116820026	17.2467701246082	5.35035547740998
29.9	1.7535653871465	5.63019370940753	3.21071215859781	17.1123119945582	5.32975587635099
30	1.74651327573838	5.58545510844628	3.19806049346226	16.9794500074727	5.30929606934688
30.1	1.73950759137276	5.54114162778352	3.18546561984857	16.8480863011674	5.28904980050244
30.2	1.73255193993585	5.49733762271895	3.17297132397804	16.7169783752192	5.26855639976622
30.3	1.72563801062625	5.45395859714805	3.16054616528107	16.5886432596446	5.24866348793527
30.4	1.71876830935486	5.41105903892662	3.14821899465767	16.4605657951136	5.22853264752107
30.5	1.71194643760786	5.36857096354167	3.13594563802083	16.3350996184824	5.20898685883849
30.6	1.70516429091756	5.32656056444229	3.12378144018958	16.209963666853	5.18921185019564
30.7	1.69843588234536	5.28494853629194	3.11165619569576	16.0861723446894	5.16964964411582
30.8	1.69174583738285	5.24379918516847	3.09963770520085	15.9638438931037	5.15022896589433
30.9	1.68509359971666	5.20303565311339	3.08768346992016	15.8418846751842	5.1306699114446
31	1.67848864656122	5.16270734132175	3.07580712678562	15.7223002340354	5.11160147107991
31.1	1.67192447743352	5.12276600166251	3.06399366167914	15.6030822144322	5.09240029102454
31.2	1.66540333620646	5.08325917901497	3.05226912214183	15.4862265262056	5.07367663416868
31.3	1.658920343994	5.04416642122652	3.04063208308256	15.3696679396725	5.05476082594343
31.4	1.65247634479921	5.00544231527282	3.02905535139809	15.2544825819672	5.03605276639344
31.5	1.64608039233737	4.96713217839285	3.01755139148442	15.1405220476432	5.01748606183477
31.6	1.63971802786352	4.92922884012539	3.00614420062696	15.0269524884042	4.99874639588818
31.7	1.63340651481509	4.89167683610191	2.9947700047319	14.9155296452493	4.98052592408832
31.8	1.62712328085752	4.85450700567627	2.98349059520423	14.8044918998527	4.96213794796269
31.9	1.62088286702451	4.81767826877257	2.97225565571958	14.695591450085	4.94425552586835
32	1.61468052414554	4.78123246566319	2.96110121734039	14.587008772984	4.92621079197212
32.1	1.60850906552227	4.74516312709739	2.95003816192772	14.4788322035914	4.90801522178618
32.2	1.60238527076876	4.70947596414175	2.939040972264	14.372660939155	4.89025538425327
32.3	1.5962978080738	4.67409673833798	2.92808567091754	14.2676605905305	4.87269233009143
32.4	1.59023965425326	4.63907685732602	2.91721870028729	14.1630547550432	4.8549855907781
32.5	1.58422731108803	4.60436787302037	2.90638082098088	14.0595550484883	4.8374786081004
32.6	1.57825369342546	4.57007309530503	2.89565176646987	13.9572017390322	4.820055332844
32.7	1.57230786605681	4.53606711893596	2.88497387621164	13.8560330855642	4.80282792153356
32.8	1.56640203979859	4.50239864982025	2.8743569884518	13.755919451206	4.78573799513167
32.9	1.56052707558065	4.46902238197499	2.86379035129021	13.6562072175675	4.76857784349159
33	1.55469499712111	4.43603609770567	2.85331599183124	13.5582782174997	4.75176189959883
33.1	1.54889280502683	4.40333238877869	2.84289033720601	13.4607416948425	4.73487897815703
33.2	1.54312839922394	4.37094594594595	2.83252252252252	13.3642208171723	4.71813399925615
33.3	1.53739508957774	4.33882318717343	2.82219139152131	13.2680553363842	4.7013308084793
33.4	1.53170031666713	4.30707917379994	2.81195944593904	13.1736367897505	4.68486016353315
33.5	1.52603567091921	4.27559011631118	2.80176289308871	13.0795647914196	4.66833393492497
33.6	1.52039865542254	4.2444573711476	2.79167398366845	12.986572041254	4.65189421015011
33.7	1.51480078728426	4.21358227999956	2.78160819255559	12.8945399393327	4.63564206268959
33.8	1.50924148286015	4.18300731509076	2.77159577350312	12.8034543178974	4.61952440550688
33.9	1.50370454137778	4.1527170518426	2.76165758469922	12.7127701764823	4.60331152092009
34	1.49820325747087	4.12268441723832	2.75175240520959	12.623692866611	4.58751043252001
34.1	1.49273518528574	4.09297230612158	2.74192793635938	12.5349085958771	4.57156748346947
34.2	1.48730178993505	4.06351001426835	2.73213549648576	12.4470820493066	4.55580701078582
34.3	1.48188917440254	4.03435852187979	2.72244280582341	12.3596566523605	4.53991416309013
34.4	1.47651611066001	4.00544936371893	2.71277051079955	12.2737105611185	4.5244190440204
34.5	1.47117436629665	3.97680040671917	2.70314688579699	12.1880613772455	4.50884169161677
34.6	1.46585988675475	3.94846912994607	2.69361974198472	12.1033779713637	4.49335063250081
34.7	1.46057409946119	3.92035915254758	2.68412205446737	12.019598843347	4.47803736172947
34.8	1.45532214752319	3.89250784465545	2.67467093198582	11.9361218458741	4.46265060240964
34.9	1.45009802580586	3.86491139240506	2.66527594936709	11.8540737738143	4.44759717155339
35	1.44490513693179	3.83757612360964	2.65593638331068	11.772364252889	4.4324722259403
35.1000000000001	1.43974095301465	3.81047818212745	2.64664151849591	11.6914780763791	4.4174770155587
35.2000000000001	1.43460174988686	3.78363404881736	2.63741073027114	11.6109821780444	4.4024171300959
35.3000000000001	1.42949422139289	3.75706728630049	2.62824936965442	11.5318004338395	4.38763557483731
35.4000000000001	1.42441631357125	3.73070949731653	2.61911455363988	11.4529550827423	4.37283473028154
35.5000000000001	1.41936921083963	3.70458498641703	2.61002208454668	11.3748988543929	4.35816191814659
35.6000000000001	1.4143471830039	3.67869043571186	2.60098120172925	11.2976622499789	4.34361549497848
35.7000000000001	1.40935360905029	3.65306753206614	2.59201630350796	11.2207634736798	4.32897102479408
35.8000000000001	1.404384402916	3.62763229913865	2.58307646510913	11.145135896586	4.31467517401392
35.9000000000001	1.39944293619357	3.60246128582612	2.57421091825629	11.0698361867225	4.30028328611898
36.0000000000001	1.39453031048684	3.57750650238262	2.56538454236516	10.9948331977217	4.28584214808788
36.1000000000001	1.38964467005076	3.55274086378738	2.55658222591362	10.9210579365399	4.27174132161432
36.2000000000001	1.38478708474988	3.52821937348674	2.54784248953621	10.8475707207927	4.25755154227265
36.3000000000001	1.37995575286283	3.50391452433164	2.5391499090188	10.7748475489031	4.24348618040706
36.4000000000001	1.37515033734233	3.47982333237453	2.53050392955564	10.7028766531926	4.22954358149209
36.5000000000001	1.37036684727929	3.45596552901339	2.52192727507589	10.6316465051149	4.21568322377378
36.6000000000001	1.36561361495835	3.43228339954675	2.51336348872843	10.5607001040904	4.20181965380315
36.7000000000001	1.36088163300988	3.40882838660231	2.504867656317	10.4904852884983	4.18803974016049
36.8000000000001	1.35617787631526	3.38558414691685	2.4964159982579	10.4209908340277	4.17438072873267
36.9000000000001	1.35149965546005	3.36252977694362	2.48799898938858	10.3521681997372	4.16084099868594
37.0000000000001	1.34684660232121	3.33966276909823	2.47961628543482	10.2836248604392	4.14726460736881
37.1000000000001	1.34221588241667	3.3170281124498	2.47130745203034	10.215819375784	4.13377112078507
37.2000000000001	1.33761329032956	3.29458389547682	2.46303166938862	10.1486669348645	4.12039644515964
37.3000000000001	1.33303485378098	3.2723187881249	2.45478861924982	10.0821580073239	4.10713897248106
37.4000000000001	1.32847427822935	3.25023925545459	2.44659554853154	10.0159951116063	4.09384996944754
37.5000000000001	1.32394083730258	3.22837107352132	2.43845569421278	9.95046682346234	4.08064286223363
37.6000000000001	1.3194341692846	3.20668299631714	2.43034709193246	9.88556387789712	4.06755228942906
37.7000000000001	1.31494922762502	3.18517270575225	2.42227809168351	9.82096819391902	4.05443463640185
37.8000000000001	1.31048573686346	3.16383792377433	2.41424827052808	9.75736315643234	4.04157404834676
37.9000000000001	1.30604806479689	3.14270327566163	2.40626923339944	9.6940216268338	4.02865211102693
38.0000000000001	1.30163941400876	3.12174755960682	2.39831978504132	9.63094994195179	4.01570716383255
38.1000000000001	1.29724316807439	3.10097780484504	2.39043679794289	9.56886977720593	4.00297961671294
38.2000000000001	1.29287182421122	3.08037359586015	2.3825823551685	9.50705076551168	3.99022965350524
38.3000000000001	1.28852505243122	3.05993286849088	2.37475620882754	9.44581321791244	3.97759280839021
38.4000000000001	1.28420152753396	3.03968723196962	2.36698615193731	9.38518176115165	3.96503450325222
38.5000000000001	1.27989746830998	3.01960037113129	2.35925177281463	9.32484201565109	3.95245735241151
38.6000000000001	1.27561709897766	2.99967033691567	2.35154447155008	9.2653677545056	3.9401201493749
38.7000000000001	1.27136010634576	2.9799196457855	2.34388324040669	9.20614472963834	3.92773179607742
38.8000000000001	1.26712175704459	2.96032140963413	2.33625647509891	9.14721006739276	3.91532786099844
38.9000000000001	1.26290530013906	2.9409057706355	2.32868273679084	9.08914372604302	3.90312668292837
39.0000000000001	1.2587113832452	2.92163829581059	2.32113440356601	9.03132560404688	3.89091023344959
39.1000000000001	1.25453535213224	2.90251721395113	2.31361930854953	8.97407130391424	3.87880204437796
39.2000000000001	1.25038478070966	2.88357182828364	2.3061475737469	8.91706593304689	3.86665018082903
39.3000000000001	1.24625158743066	2.86479155563687	2.29872650476865	8.86088796222481	3.85469430306004
39.4000000000001	1.24213984207145	2.84615141081958	2.29132929676679	8.80495148879224	3.84272636029076
39.5000000000001	1.23804844071116	2.82767990045128	2.28398163389067	8.74955498566903	3.83083421330517
39.6000000000001	1.23398139797457	2.80935251798561	2.276657105688	8.69440038308443	3.81893275072577
39.7000000000001	1.22992732083641	2.79115197454614	2.26936334144363	8.63977792292619	3.80713734338816
39.8000000000001	1.22590051457976	2.77312163399606	2.26210985395229	8.58565032987748	3.79541705937795
39.9000000000001	1.22188964081208	2.75524356717017	2.25490377783956	8.53203985623703	3.78377114805832
40.0000000000001	1.21789865973742	2.73749452441152	2.24771946542886	8.47890998695463	3.77222785911002
40.1000000000001	1.2139265782602	2.71990149440935	2.24058155008642	8.42604043832149	3.76064885386407
40.2000000000001	1.2099738963898	2.70245461810709	2.2334817521026	8.37364456112316	3.74914393334094
40.3000000000001	1.20603965650985	2.68513903512426	2.22641023504549	8.32150845106311	3.73763483480083
40.4000000000001	1.202127731846	2.66795326045986	2.21935921598191	8.27007135232316	3.72633294005281
40.5000000000001	1.19823379195507	2.65091572068456	2.21235266313033	8.21888675195808	3.71499846698442
40.6000000000001	1.1943582902186	2.63401684638131	2.20538247856865	8.16815554387809	3.70373648256216
40.7000000000001	1.19050436275985	2.61726211268757	2.19844814900148	8.11764867312495	3.69244490792832
40.8000000000001	1.18666437137775	2.60062285938321	2.19154035640576	8.06783584325046	3.68135399362762
40.9000000000001	1.18284150500816	2.58412422598055	2.18467496705125	8.01826780164843	3.67023375219565
41.0000000000001	1.1790395364254	2.56776425236898	2.1778440612381	7.968920114773	3.65908664288971
41.1000000000001	1.17525821690892	2.55152240199583	2.17103132340283	7.92021715411023	3.64813582776698
41.2000000000001	1.17149337055129	2.53541580441618	2.16425962634602	7.87175491879044	3.63715832563053
41.3000000000001	1.16774872196874	2.51942438763489	2.15750558338212	7.82371442050637	3.62627771662211
41.4000000000001	1.16401679238656	2.50357574536664	2.1508072407045	7.77611590885444	3.61544064093227
41.5000000000001	1.16030462956777	2.48783911536368	2.1441258200361	7.7287277984304	3.60460553490293
41.6000000000001	1.15661147652529	2.47223806536246	2.13748360234985	7.68177509031746	3.59384047759358
41.7000000000001	1.1529343192113	2.45673912889192	2.13085783635318	7.63522620349414	3.5831701548712
41.8000000000002	1.14927244607786	2.44138281862693	2.12428552251355	7.58910091372608	3.57254278358322
41.9000000000001	1.1456294879204	2.42613276689127	2.11772897998227	7.54317925591883	3.56191907804084
42.0000000000002	1.1420052205119	2.41100475453571	2.11120291854269	7.49765001367717	3.55136398677045
42.1000000000002	1.13839565178509	2.39599715576376	2.10471390329597	7.45253258293839	3.54087677725118
42.2000000000002	1.13480436745643	2.38109184792416	2.09823994003581	7.40761522064048	3.53039472717026
42.3000000000002	1.13122741416557	2.36632048810486	2.09181678102306	7.36328258014302	3.52004183489809
42.4000000000002	1.12767164681316	2.35165553346496	2.08540805305412	7.31914431272183	3.50969408696912
42.5000000000002	1.12412654799909	2.33709819930273	2.07903478790951	7.27522649920905	3.49932889123244
42.6000000000002	1.12060223799324	2.32266072000927	2.0726897031445	7.23185095295881	3.48911414090942
42.7000000000002	1.1170919247515	2.30832795790188	2.06637243252419	7.18866632021543	3.47888222232721
42.8000000000002	1.11359832498671	2.29411207939802	2.06008937686343	7.14586557853759	3.46871628910464
42.9000000000002	1.11011799410029	2.28000484682028	2.0538400953208	7.10344345882518	3.45861563176643
43.0000000000002	1.10665802455799	2.26600486631052	2.04761074878175	7.06118533586057	3.44849983819518
43.1000000000002	1.10321061923756	2.25210241076434	2.04140748057773	7.01932344976362	3.43847248359113
43.2000000000002	1.09978317234533	2.23831962037936	2.03523719644305	6.97778385398865	3.42848679563424
43.3000000000002	1.09636829144991	2.22462526058039	2.02908573508487	6.936607769055	3.41858781475532
43.4000000000002	1.09296583087112	2.21103305567271	2.02296631168283	6.8956353752499	3.40867533751151
43.5000000000002	1.08957919157147	2.19755614180153	2.01688519641427	6.85499843868493	3.39880447874381
43.6000000000002	1.08621143527561	2.18417080008626	2.01081550898243	6.81469259390503	3.38901931254429
43.7000000000002	1.0828588494225	2.17089027723545	2.00477677990368	6.77473554573245	3.37929669459656
43.8000000000002	1.0795182988713	2.1577142931211	1.99877509753853	6.7349537037037	3.36954053109713
43.9000000000002	1.07619260454014	2.14462652562009	1.9927906181222	6.69551546168192	3.35986902025415
44.0000000000002	1.07288509008324	2.13165354330709	1.98684235899084	6.65639468527252	3.35023795680169
44.1000000000002	1.06959233466367	2.1187601623414	1.98090440037385	6.6175873056607	3.34068989114861
44.2000000000002	1.06631071972729	2.10595908270801	1.97499569660765	6.57897084120883	3.33113173487374
44.3000000000002	1.06304676591889	2.09326882171045	1.96912204506924	6.54066309528831	3.3216138693213
44.4000000000002	1.05979365503735	2.08066831510982	1.96327681829392	6.502681077458	3.31215701059863
44.5000000000002	1.05655787553213	2.06814975309886	1.95744104605462	6.46486520219671	3.30271259777001
44.6000000000002	1.05333586196256	2.05573817798577	1.95164548385883	6.42750299574398	3.29337630676418
44.7000000000002	1.05012763907843	2.04341306140811	1.94587113543775	6.39030245824271	3.28403168219313
44.8000000000002	1.04693304078373	2.03117337349548	1.94011774809873	6.35339433835368	3.27474677481811
44.9000000000002	1.04375176250417	2.01902429952889	1.93439127200595	6.31666734140318	3.26545483988503
45.0000000000002	1.04058367241098	2.00697716060436	1.92870329778892	6.28037477129702	3.25626796951967
45.1000000000002	1.03742875966662	1.99499984624373	1.92302346320613	6.24423852698007	3.24709430043536
45.2000000000002	1.03429005965295	1.98312218192511	1.91737526955499	6.20838292470047	3.23795921605967
45.3000000000002	1.03116740509966	1.97133075810556	1.9117465780593	6.17268284993695	3.22881856872636
45.4000000000002	1.02805088448304	1.95961849415827	1.90614931978165	6.13741877397636	3.21979957723323
45.5000000000002	1.02495340353337	1.94799052941996	1.9005649649092	6.10228642532177	3.21077497375277
45.6000000000002	1.02186825569625	1.93644589214622	1.89500542888165	6.06744307317921	3.20180775247697
45.7000000000002	1.01879531866175	1.92499519276993	1.88948178059802	6.0327692720924	3.1928168527685
45.8000000000002	1.01573774867263	1.91361971122764	1.88397026075713	5.99845617245125	3.18394419349305
45.9000000000002	1.01268888888889	1.90232455512619	1.87848862172606	5.96432764039838	3.17506721702579
46.0000000000002	1.00965826550873	1.89110881395404	1.87301870202704	5.93043903540123	3.1662465670968
46.1000000000002	1.00663294733573	1.87997679910511	1.86758917843974	5.8968436396255	3.15746295154267
46.2000000000002	1.00362872965964	1.8689281460429	1.86217083151527	5.86337306449816	3.14867624670454
46.3000000000002	1.00062959142996	1.85795017300225	1.85678115949691	5.83019146345962	3.13994540155679
46.4000000000002	0.997648085275876	1.8470587546748	1.85141312045323	5.79724009016439	3.13125148899518
46.5000000000002	0.994680901467174	1.83624786439413	1.84606727814481	5.76455272118133	3.12261247974363
46.6000000000002	0.991721608715824	1.82550499328999	1.84074338730386	5.73212605832549	3.11402778782835
46.7000000000002	0.988773222242896	1.81482939252742	1.83543541805343	5.69983642801934	3.10544101522478
46.8000000000002	0.985841907072744	1.80424226346325	1.83015375033161	5.66778589416156	3.09689057169902
46.9000000000002	0.982921269065582	1.79372640506576	1.82489326614224	5.63598935226264	3.08839396628216
47.0000000000002	0.980014284500688	1.78329125229728	1.8196584279441	5.6044260271557	3.07993299241756
47.1000000000002	0.977117740824931	1.77292563963604	1.8144442225962	5.57311068668851	3.07152494261534
47.2000000000002	0.974231451954947	1.76262313345876	1.80924474355841	5.54192638506808	3.06311592436536
47.3000000000002	0.971358516155769	1.75240430906558	1.80407571449609	5.51098653932662	3.05474237862902
47.4000000000002	0.968498724701881	1.74225262290549	1.7989209262426	5.48027096263948	3.0464212643777
47.5000000000002	0.965648914791627	1.7321771014346	1.79379593856674	5.44979411915461	3.03813494165286
47.6000000000002	0.962812001666724	1.72216711777595	1.78868472224557	5.41944411430124	3.02984871895003
47.7000000000002	0.959984846777122	1.71222198024336	1.78359271606386	5.38942039989876	3.02166540116426
47.8000000000002	0.957170345572016	1.70235047966702	1.77852405012576	5.35952041586317	3.01346524691876
47.9000000000002	0.954365383352667	1.69255168130601	1.77348394108775	5.3298503482985	3.00529947005299
48.0000000000002	0.951575960778309	1.68281159340204	1.76844693725306	5.30030308550986	2.99715132744828
48.1000000000002	0.948792735176187	1.67314639411428	1.76344772897484	5.27106926520938	2.98907031867264
48.2000000000002	0.946024810798159	1.66354770907534	1.75846097278549	5.24195527344709	2.98099039704222
48.3000000000002	0.943268936865678	1.6540093849469	1.75348654058607	5.21304651805603	2.97296066858527
48.4000000000002	0.94051912508689	1.64453976628586	1.7485447370716	5.18437297996122	2.96496444731739
48.5000000000002	0.937787192946931	1.63513454790383	1.74360938195961	5.15588358122651	2.95701757203893
48.6000000000002	0.935058020605332	1.62579104930085	1.73870606259101	5.12762424764915	2.94910356498555
48.7000000000002	0.932346479627083	1.61651928544838	1.73381818966587	5.09946364530769	2.94117553714812
48.8000000000003	0.929643521369435	1.60730436465901	1.72894698635809	5.0715141955836	2.93329652996845
48.9000000000002	0.926952164547243	1.59815964071728	1.72410152523661	5.04377341924964	2.9254503551103
49.0000000000003	0.924266101647524	1.58906509558427	1.71927228830715	5.01623887668116	2.91765237583181
49.1000000000003	0.921597182976134	1.58003928896555	1.71445759400338	4.98887718428554	2.9098866030487
49.2000000000003	0.918936701789234	1.57108139658283	1.7096731401889	4.96173272968062	2.90215282269241
49.3000000000003	0.916284076385701	1.56217176765513	1.70489895864735	4.93469675167621	2.89442182285767
49.4000000000003	0.913645397635488	1.5533204710546	1.70013494849817	4.90784447995131	2.8867381876284
49.5000000000003	0.911017723935526	1.54454316654494	1.69540408047457	4.8811890174722	2.8790711746464
49.6000000000003	0.908397868781364	1.53581753430397	1.69068817429559	4.8547281039461	2.87145091434071
49.7000000000003	0.905788552939173	1.52715104563631	1.68599066601238	4.82844456404736	2.86386197823227
49.8000000000003	0.903192760270623	1.51854029639497	1.68130255599034	4.80226509318986	2.85627656728397
49.9000000000003	0.900601710776656	1.50998739580794	1.67664282416893	4.77636089603405	2.84876470240558
50.0000000000003	0.898023681191419	1.5014916575754	1.6719956155091	4.75054354213186	2.8412416265131
50.1000000000003	0.895453323070931	1.49304986470816	1.6673676072671	4.72492660912238	2.83376418525172
50.2000000000003	0.892896097194714	1.484676760567	1.66276542727819	4.69947870533056	2.82630287365502
50.3000000000003	0.890348804526768	1.47634363444539	1.65816321304557	4.67419801923021	2.81890104813328
50.4000000000003	0.887808598140075	1.46807272281701	1.6535914676796	4.64909712054661	2.81151494272672
50.5000000000003	0.885278485935272	1.45986085026899	1.64904137337833	4.62410800936233	2.80411885596849
50.6000000000003	0.882761110219798	1.45169997615315	1.64449924146714	4.59934723996027	2.79680715197957
50.7000000000003	0.880250565190437	1.44359187059311	1.63997835125593	4.57469593927251	2.78948556593391
50.8000000000003	0.877752563715182	1.43553372698714	1.63546514852783	4.55020412744287	2.78220794343355
50.9000000000003	0.875258523173848	1.42753441047245	1.6309860146188	4.52589802608635	2.77494594406082
51.0000000000003	0.872779542674378	1.41958392430249	1.62650916398956	4.50173389557787	2.76772734838817
51.1000000000003	0.870307051590089	1.41168387970361	1.62205267339199	4.47773793103448	2.76053793103448
51.2000000000003	0.867847134542543	1.4038436631365	1.6176162912337	4.45390829664376	2.75337749797693
51.3000000000003	0.865390476600959	1.39604771743017	1.61319976955779	4.43018276050191	2.74620840152755
51.4000000000003	0.862948896302953	1.38831038290329	1.6087979124269	4.40666748043564	2.73910566790088
51.5000000000003	0.86051348956282	1.38061433042723	1.60440753942003	4.38325420802762	2.73200798446267
51.6000000000003	0.858089900083674	1.37297087111032	1.60003150133388	4.36004667569779	2.72497552208377
51.7000000000003	0.855669690911887	1.3653812178556	1.59568725216913	4.33695246225258	2.71792135730673
51.8000000000003	0.85326376055814	1.35783627734012	1.59134413074326	4.31398896376081	2.71090889796785
51.9000000000003	0.850864141361353	1.35034224353689	1.58702450590571	4.29119451223534	2.70392454323593
52.0000000000003	0.848476000504055	1.34289856059464	1.58271837953797	4.26854099156423	2.69696810673944
52.1000000000003	0.846096169919858	1.33549335260536	1.57841791522571	4.245971582532	2.69001735318294
52.2000000000003	0.843722444966742	1.32814396742258	1.57414796221871	4.22362223116152	2.68311641124794
52.3000000000003	0.841359947410779	1.32084333979534	1.56989091750817	4.20140932321512	2.67624283723091
52.4000000000003	0.839006007444809	1.31358462803479	1.56564388857633	4.17929069274905	2.66937502406716
52.5000000000003	0.836660054169251	1.30637520497895	1.56141696794177	4.15735988765479	2.66255585344057
52.6000000000003	0.83432557653987	1.29921779375765	1.55720719859241	4.13552155418704	2.65572979493365
52.7000000000003	0.831996365165762	1.29209615439627	1.55300697033555	4.11387976761809	2.64897701439757
52.8000000000003	0.829675423140912	1.28502695661269	1.54883092926623	4.092328564071	2.64220483123343
52.9000000000003	0.827365222595645	1.27799743990897	1.54465936566633	4.07090647841569	2.63547198100831
53.0000000000003	0.825060073837882	1.2710145612708	1.54051153555219	4.04962467687413	2.6287532312587
53.1000000000003	0.822766048852338	1.26407524397718	1.53637263683938	4.0284817168146	2.62207333053131
53.2000000000003	0.820482530292384	1.25718624528674	1.53225230138506	4.00746387949585	2.61540731632339
53.3000000000003	0.818203852962744	1.25033054208903	1.52814061869977	3.98658218868109	2.60877967635799
53.4000000000003	0.815933020812881	1.24352416398594	1.52405176928256	3.96583525976396	2.60216571359046
53.5000000000003	0.813669969629107	1.23675498232754	1.51997127642709	3.94522172734315	2.59558965917893
53.6000000000003	0.811420192402081	1.23003878312144	1.51590852019606	3.92472820525169	2.58902707713794
53.7000000000003	0.809174987346432	1.22336	1.51186086956522	3.90436553087011	2.58248996945925
53.8000000000003	0.806937359472152	1.21672286281203	1.50782814617473	3.88413239288948	2.57597817280656
53.9000000000003	0.80470724644794	1.21012694429581	1.50381017399487	3.86398169987318	2.56946107074706
54.0000000000003	0.802487047903585	1.20357182289941	1.49980217879357	3.84399245372008	2.56299964626813
54.1000000000003	0.800271772471841	1.19705708268524	1.4958132022923	3.82414076246334	2.55656304985337
54.2000000000003	0.798066275463723	1.19058231323647	1.49183388628303	3.80435746627457	2.5501213648882
54.3000000000003	0.795870476143733	1.18415251413732	1.48787089059384	3.78473076833771	2.54372257180672
54.4000000000003	0.79367942500069	1.1777564333089	1.48391957282738	3.76523788073045	2.53735980687711
54.5000000000003	0.791497938447946	1.17140444311263	1.47998419984472	3.74581140401278	2.53098067155432
54.6000000000003	0.789324162220702	1.16509527949861	1.4760669130167	3.72655973109859	2.52465501274767
54.7000000000003	0.787156751449698	1.15881949086704	1.47215848524815	3.70741528556641	2.51835337208376
54.8000000000003	0.784996287273017	1.15258123955363	1.46826330040051	3.68834666877921	2.51204717013162
54.9000000000003	0.782848182448646	1.14638979760578	1.4643832907934	3.66942539607472	2.50578207163688
55.0000000000003	0.780701431342221	1.14022545438247	1.46051410770713	3.6506307557866	2.49955186089762
55.1000000000003	0.778566912410148	1.13410708537501	1.45665975177939	3.63189869466832	2.49330613427861
55.2000000000003	0.776439097910534	1.12802468805466	1.45281798803057	3.61332076308784	2.48711180124224
55.3000000000003	0.774315554218421	1.12197790954747	1.44899311841924	3.59486602216042	2.48094071425418
55.4000000000003	0.772203356524836	1.11597135326536	1.44517806590169	3.5765003019821	2.47478174929995
55.5000000000003	0.770095317643591	1.10999964590489	1.44137955454835	3.55825566275855	2.46864585495908
55.6000000000003	0.767996830457096	1.10406686417442	1.43759299568632	3.5400815438978	2.46250611579233
55.7000000000003	0.765901697757927	1.09816383247669	1.43381825068598	3.52205428914542	2.45641613744307
55.8000000000004	0.763818354424546	1.09229904045552	1.43005078907596	3.50412324519852	2.45034880716562
55.9000000000003	0.761738975457314	1.08647250892994	1.42630552451077	3.4863090009213	2.44429327448418
56.0000000000004	0.759668194153751	1.08067908062661	1.42256723256719	3.46858909439795	2.43826022067054
56.1000000000004	0.757606684168137	1.07492748882347	1.41884636353724	3.45097331989604	2.43223890097067
56.2000000000004	0.755548244670057	1.06919927424302	1.41513037954305	3.4334607182822	2.42625044866246
56.3000000000004	0.753498971297825	1.06351218199417	1.41143149825723	3.41605034248014	2.42027356389461
56.4000000000004	0.751458813324187	1.05786576942896	1.40774950093318	3.3987767903816	2.41433350757972
56.5000000000004	0.749421566938243	1.05224186866309	1.40407204046984	3.38156772166386	2.40840044114281
56.6000000000004	0.747393332840929	1.04665796085834	1.40041115550211	3.36449294870467	2.40250367578538
56.7000000000004	0.745370983183163	1.04110931957433	1.396766634419	3.34748155475867	2.3965932978855
56.8000000000004	0.743354466432858	1.03559111187371	1.39313229238161	3.33060198953953	2.390729155984
56.9000000000004	0.741349094638672	1.03010733360723	1.38950373185429	3.31377452081079	2.38486190777521
57.0000000000004	0.739347166381687	1.02465340489396	1.38588940552588	3.29708672774922	2.37904028604514
57.1000000000004	0.737350919905082	1.01923339069981	1.3822907969397	3.28049335287873	2.37322954051458
57.2000000000004	0.735363387506474	1.01384686001836	1.378701846248	3.26399356039644	2.36743975449011
57.3000000000004	0.733383699774893	1.00849355032948	1.37512403212538	3.24757651017465	2.36166079153982
57.4000000000004	0.73140727853763	1.00316885468538	1.37155984650728	3.23126146240332	2.35590263934295
57.5000000000004	0.729439426806427	0.997880944541533	1.36801070502917	3.21503754923066	2.35015525639627
57.6000000000004	0.727479257210589	0.992621045183463	1.36446645776475	3.19892568675079	2.34445168552639
57.7000000000004	0.725522224452301	0.987388901729246	1.36093543168113	3.18288140423985	2.33874534393458
57.8000000000004	0.723573619489774	0.982192573460351	1.35741899235207	3.1669568790108	2.3330724683049
57.9000000000004	0.721630307150361	0.977023420046355	1.35391128998519	3.15111976630964	2.32741966893866
58.0000000000004	0.719695330419354	0.971889427853428	1.35041785985623	3.1353693168051	2.32177714025413
58.1000000000004	0.717765552473459	0.966782044393351	1.34693291014283	3.11970478992813	2.31615455115527
58.2000000000004	0.71584401924237	0.961709184309618	1.34346192530527	3.10412545374229	2.31054218602954
58.3000000000004	0.71392759211919	0.956662381288102	1.33999917057189	3.08863058481656	2.30494962433326
58.4000000000004	0.712016223914793	0.951645341234502	1.33655008028073	3.07324871067806	2.29938911831313
58.5000000000004	0.710112965125463	0.946657967651225	1.33310897581481	3.05792036068804	2.29382624838979
58.6000000000004	0.708215578362834	0.941703888055642	1.3296853625171	3.04271247807803	2.28829508382206
58.7000000000004	0.706322215022895	0.936770691994572	1.32626536737799	3.02757623825569	2.28278315390319
58.8000000000004	0.704437745025061	0.931874317881555	1.32286255877502	3.01252978276104	2.27728100911002
58.9000000000004	0.702558119329254	0.927002427929791	1.31946724751373	2.99759089936656	2.27181910351691
59.0000000000004	0.700685467347167	0.922158575549327	1.31608063606723	2.98269364322422	2.26634566415112
59.1000000000004	0.698818494108	0.917342803323738	1.31270538925085	2.96791143149492	2.26091204911459
59.2000000000004	0.69695623125806	0.912554521190027	1.30934265347308	2.95320644592908	2.25548784964393
59.3000000000004	0.695099581527518	0.90779750207078	1.30599632944081	2.93858719485455	2.25007308872972
59.4000000000004	0.693252831409437	0.903067777998387	1.30265285200838	2.92403474464505	2.24467688389649
59.5000000000004	0.691408511194518	0.898364712732919	1.29932550465839	2.9095930601083	2.23931035731749
59.6000000000004	0.689571851159894	0.893688458434221	1.29600484261501	2.89522555984278	2.23396199199452
59.7000000000004	0.687739696366429	0.889038348462759	1.29269599117204	2.88093165193197	2.22862271686936
59.8000000000004	0.685912002618413	0.884414112426749	1.28939879904502	2.86671075089137	2.22329255542549
59.9000000000004	0.684094963633869	0.879819976654727	1.28610795785015	2.85256227758007	2.21798042704626
60.0000000000004	0.682280175628571	0.875251202972001	1.28283252868318	2.83851966020922	2.21269697855491
60.1000000000004	0.68047185776823	0.870704052034807	1.27955923833572	2.82453896831206	2.20743118699675
60.2000000000004	0.678668836950647	0.866185782413831	1.27630109893615	2.81063732635535	2.20217418029188
60.3000000000004	0.676871088548082	0.86169611588666	1.27305794333015	2.79681407263635	2.19692598226932
60.4000000000004	0.675082811234177	0.857234777773365	1.26982166262859	2.78307536953532	2.19170569493532
60.5000000000004	0.673296610434728	0.852794152042147	1.26659504715392	2.76941345745465	2.1865026739822
60.6000000000004	0.671514559336578	0.84837406576537	1.26337404598274	2.75581907153768	2.18131683193952
60.7000000000004	0.669742882659856	0.843988911354015	1.26016854110065	2.74229169531143	2.17613089509143
60.8000000000004	0.667973183993177	0.839623831370509	1.25697236279935	2.72886272429343	2.17098068744812
60.9000000000004	0.666209614413148	0.835281945569989	1.25378248451994	2.71549072567246	2.16583877921392
61.0000000000004	0.664452140168225	0.830967610207359	1.25060566438536	2.70220076695965	2.16071367970951
61.1000000000004	0.662700719148709	0.826679260220178	1.247439811567	2.68898951583607	2.15560661997651
61.2000000000004	0.660951141375939	0.82240694740548	1.24427797445577	2.67582778114274	2.15050642708123
61.3000000000004	0.65921174331322	0.818167974698372	1.24113076412479	2.66275183246073	2.14542408376963
61.4000000000004	0.657476200070518	0.813951041183555	1.23799316400541	2.6497605899331	2.14036770716896
61.5000000000004	0.655745554897489	0.809756666861178	1.23486413413472	2.63683939459388	2.13532754066223
61.6000000000004	0.65401869453508	0.805583923890884	1.23174449082613	2.62397941879607	2.13029523439245
61.7000000000004	0.652298732723619	0.801433366667442	1.22862934796933	2.61118021632219	2.12527905233415
61.8000000000004	0.650583581425157	0.797310995898785	1.22553199721427	2.59847086522449	2.12027990385483
61.9000000000004	0.648875268545431	0.793210389108815	1.22243893019214	2.58582095648906	2.11529663578583
62.0000000000004	0.647171714297458	0.789134424105972	1.21935864419326	2.57323819906601	2.11032103747336
62.1000000000004	0.64547381743395	0.785079026665486	1.2162833029952	2.56072661275948	2.10537019332048
62.2000000000004	0.643778577128165	0.781044835176655	1.21321967354183	2.5482889672479	2.10043491943097
62.3000000000004	0.64209208733403	0.77703765061396	1.21016543567796	2.53590054724729	2.09549907184931
62.4000000000004	0.640407070777544	0.773047446233472	1.20711884910153	2.52359725012205	2.09059551344127
62.5000000000004	0.638729846388219	0.769084669591403	1.20408444030022	2.51135802075529	2.08569925555148
62.6000000000004	0.637056071352567	0.765141457608497	1.20105826161265	2.49917443281947	2.08081032594027
62.7000000000004	0.635388884827023	0.761221427537722	1.19804020138778	2.48706576221874	2.07594516389166
62.8000000000004	0.633723057345105	0.757317689818916	1.19502940762735	2.47501948834243	2.0710950479925
62.9000000000004	0.632066940917254	0.753440567190691	1.19202653772289	2.46304661522053	2.06626827279001
63.0000000000005	0.630412129671233	0.749585098401776	1.18903977750665	2.45113492571821	2.06144064486901
63.1000000000005	0.628766979113179	0.745752966587356	1.18605618831825	2.43927618425249	2.05662784636809
63.2000000000005	0.627123080409725	0.741936458423809	1.1830794968335	2.42749659062732	2.05184571038929
63.3000000000005	0.625485598180285	0.738144788532736	1.18011476312198	2.41576883894669	2.04706263698947
63.4000000000005	0.623849309505767	0.734371177247731	1.17716116064875	2.40410026981528	2.04228643467165
63.5000000000005	0.622222577806225	0.730620220581328	1.17421039776037	2.39250111020933	2.03754038864983
63.6000000000005	0.62059698719735	0.726889715923586	1.17127496736048	2.38097816553923	2.03280888936342
63.7000000000005	0.618980905605212	0.723181511723725	1.16834219791745	2.36948694185746	2.02807614591088
63.8000000000005	0.617365913138346	0.719490669758049	1.16542014135597	2.35808868038741	2.02338075060533
63.9000000000005	0.615757170890568	0.71582342992193	1.16250928736508	2.34672143503165	2.01866897799216
64.0000000000005	0.61415267504396	0.712174246914409	1.15960456715984	2.33542792792793	2.01398648648649
64.1000000000004	0.612554377204046	0.70854563116191	1.15670650236148	2.32419982052049	2.00932545617709
64.2000000000004	0.6109570599962	0.704933688579721	1.15381871286356	2.31302657161374	2.00467070418129
64.3000000000004	0.609367142470311	0.701343078692539	1.15093681593886	2.30190779368224	2.00002968173757
64.4000000000004	0.607783349143967	0.697775127061508	1.14806555336583	2.29085264441734	1.99540229885057
64.5000000000004	0.606200463791333	0.694223343344528	1.14520424316847	2.27986775350313	1.99079576163232
64.6000000000004	0.604626878699612	0.690694960447304	1.14234908301265	2.26892833565613	1.98619526149784
64.7000000000004	0.60305415148436	0.687179884288195	1.13949946716521	2.25804141639996	1.98160813713885
64.8000000000004	0.601485493280297	0.683686731639427	1.13666370889651	2.24722299058073	1.9770341684986
64.9000000000004	0.599922830749677	0.68021028638653	1.13382963861623	2.23644880822027	1.97247340521961
65.0000000000004	0.598364194024764	0.676755403500529	1.13100919182427	2.22574190192736	1.96792556419222
65.1000000000004	0.596814752724225	0.673323070156147	1.12819441389927	2.21509431246537	1.9633976956237
65.2000000000004	0.59526411302125	0.669903339030755	1.12538841898376	2.20448809865214	1.9588686550043
65.3000000000004	0.59372131030127	0.666504643250019	1.1225883789009	2.1939488307644	1.9543662414468
65.4000000000004	0.592180518756783	0.663121939114378	1.11979695060981	2.18346580518455	1.9498765414529
65.5000000000004	0.59064558328902	0.659759928284588	1.11701491884643	2.17302443623681	1.94538532975096
65.6000000000004	0.589114553227065	0.656413633998392	1.1142376816235	2.16264681578371	1.94092055173778
65.7000000000004	0.587584141648931	0.653084064606384	1.11147326538399	2.15233223330073	1.93646783987841
65.8000000000004	0.586062783908678	0.649775939331265	1.1087138736189	2.14205796166734	1.93202052633793
65.9000000000003	0.584545272862493	0.64648312945678	1.10595904110383	2.13183075375761	1.92758562887635
66.0000000000003	0.583031591099916	0.643210189239064	1.10321670224699	2.12166506617678	1.92316256802082
66.1000000000003	0.581521721285908	0.63995461673544	1.10048273918353	2.11156022074933	1.91875814637123
66.2000000000003	0.580017552682701	0.636713971790126	1.09774948852012	2.10150864153185	1.91437906690798
66.3000000000003	0.578517155935226	0.633492722968323	1.09502841267382	2.09148783878649	1.90998499635232
66.4000000000003	0.57702051398621	0.630288418287483	1.0923154428831	2.0815407086382	1.90562233849234
66.5000000000003	0.575527609850696	0.627100919607146	1.08961048761819	2.0716379363355	1.90126468116506
66.6000000000003	0.574040321994836	0.623930090258214	1.086909867394	2.06178647042405	1.8969249725991
66.7000000000003	0.572556732723997	0.620775795023242	1.0842170907149	2.05197861978213	1.89259018083649
66.8000000000003	0.571076825321181	0.617640110814429	1.08153593952453	2.04222791448982	1.88826634405477
66.9000000000003	0.569600583138678	0.614518469798466	1.07885856859956	2.03252005145024	1.88395412578371
67.0000000000003	0.568131306765032	0.611416535770384	1.07618877623875	2.02286833929422	1.87965939058023
67.1000000000003	0.566664231200972	0.608329203552443	1.07352673780586	2.01326549033505	1.87537526494206
67.2000000000003	0.565198886779341	0.605255568017946	1.07087183321761	2.00371095832001	1.87110249440358
67.3000000000003	0.563742347422842	0.602203382597687	1.068224491828	1.99420438024046	1.8668401590642
67.4000000000003	0.562286060921184	0.599163236385721	1.06558436715312	1.98475186219123	1.86259476337272
67.5000000000003	0.560836673196224	0.596142113253593	1.06295137558705	1.97533981094514	1.85835387799765
67.6000000000002	0.559387498037067	0.593132791769553	1.06032543424889	1.96598089833025	1.85412971794164
67.7000000000002	0.557945197689083	0.590142240464227	1.05770646097233	1.95667456504379	1.84992210716483
67.8000000000002	0.556506419166731	0.587166792122105	1.05509437429542	1.94740755718768	1.84571883296045
67.9000000000002	0.555073008122447	0.584208389954644	1.05248927871803	1.9381857417711	1.84152540169518
68.0000000000002	0.553641223322096	0.581264828544132	1.04989441547774	1.92902160183956	1.83734818797163
68.1000000000002	0.552214769613529	0.57833395539468	1.04729896268336	1.91988923529754	1.8331816450753
68.2000000000002	0.550791769901971	0.5754197410161	1.04471376019019	1.91080721209821	1.82902464283647
68.3000000000002	0.549370356887648	0.572520022481382	1.0421385415203	1.90178142167578	1.8248834928429
68.4000000000002	0.547957596028256	0.569640194375735	1.03956984720102	1.89278641607789	1.82074001200986
68.5000000000002	0.546544872054828	0.566769114312649	1.03700380937028	1.8838404094807	1.81661860106827
68.6000000000002	0.545137079472933	0.563917670120414	1.0344511341361	1.8749492437316	1.81250634453355
68.7000000000002	0.543734519691122	0.561080245726533	1.03190109402152	1.86608791319963	1.80839803738081
68.8000000000002	0.542335330560287	0.558256733348234	1.02935711890925	1.85728598884653	1.80431645609503
68.9000000000002	0.540939496991666	0.555447026278426	1.02681913479685	1.84851948378183	1.80023864100229
69.0000000000002	0.539545168478168	0.552651018872132	1.02429055278343	1.83980597715537	1.79617587232045
69.1000000000002	0.538159409724824	0.549874001058113	1.02176788349623	1.83112103595399	1.79211058160134
69.2000000000002	0.536773559740619	0.547106966782791	1.01925096133119	1.82248208035709	1.78806020254014
69.3000000000002	0.535392592541988	0.544356771249366	1.01674318776959	1.81389484380228	1.78402458518693
69.4000000000001	0.534016746706071	0.541619832646434	1.01423754215062	1.80534645761676	1.78000358159554
69.5000000000001	0.53264235216748	0.538896050789426	1.0117408963003	1.79684884293452	1.77599704579025
69.6000000000001	0.531273045327479	0.536187182602735	1.0092497395049	1.78837825569555	1.77198782986345
69.7000000000001	0.529905164922356	0.533491251123867	1.00676741130092	1.77995769240175	1.76799295688538
69.8000000000001	0.528543960485266	0.530811613727827	1.00429037773978	1.77158056378195	1.76401228474279
69.9000000000001	0.527182543099736	0.528141261888001	1.00181857081729	1.76324644089209	1.76004567319372
70.0000000000001	0.525827782587849	0.525488817186509	0.999355368026254	1.7549549004177	1.75608693020159
70.1000000000001	0.524476225020295	0.52284889767413	0.996897233337695	1.74669498530769	1.75213144032872
70.2000000000001	0.523131315577358	0.52022485052394	0.994444100425895	1.73847699006471	1.74818975678992
70.3000000000001	0.521786126306527	0.517609699769053	0.991995903442208	1.73030050533812	1.74426174476528
70.4000000000001	0.520445761312304	0.515011999299612	0.989559407691225	1.72217110216178	1.74034129611262
70.5000000000001	0.51910855689482	0.51242467167655	0.987124301594542	1.71408236800572	1.7364402489503
70.6000000000001	0.517776300817393	0.50985290036081	0.984697251604459	1.70601784516382	1.7325303207499
70.7000000000001	0.516443573989984	0.507291324350969	0.982278316354475	1.69801529066465	1.72864987691725
70.8000000000001	0.515119257858035	0.504746759686741	0.979863889743853	1.69003633446584	1.72476642129105
70.9000000000001	0.513794561870174	0.502210529912194	0.977453961529263	1.68209666039511	1.72089604891816
71.0000000000001	0.512474663847454	0.499689385871494	0.975051882799487	1.67420175356339	1.71703863465866
71.1000000000001	0.511157857831536	0.497179822946079	0.972654171952367	1.66634534492429	1.71319405496354
71.2	0.50984764158728	0.494686849484016	0.970264073290474	1.65852706857995	1.70935636414461
71.3	0.508536984220207	0.492201859844514	0.967878197884189	1.6507369802098	1.70552140116222
71.4	0.507231113866268	0.489733248088799	0.96550316946432	1.64299975115885	1.70170311514401
71.5	0.505928296016171	0.487274185163918	0.963128943371738	1.63529011341479	1.69789323087928
71.6	0.504628517319841	0.484827911618639	0.960762015974907	1.62762666053252	1.69409971821266
71.7	0.503335303256035	0.482397710006512	0.958402295420013	1.61999025424943	1.69030297818672
71.8	0.502043333557811	0.479976822044811	0.956046599888854	1.61239570236598	1.68652417419134
71.9	0.500754378055231	0.477568432278706	0.953697966922282	1.60483691781797	1.6827517447657
72	0.499468423653903	0.475170827413571	0.951353088424328	1.59731356846709	1.67899131027432
72.1	0.498183683063379	0.472785528877352	0.949018494484101	1.5898309883079	1.67523709764176
72.2	0.496905488076765	0.470414221165601	0.946687513930069	1.58238315646873	1.67149469406187
72.3	0.495630270115764	0.468053446705132	0.944360090427506	1.57496975324273	1.66776399088377
72.4	0.494356247136967	0.465704701380578	0.942042715304351	1.56759607293128	1.66403927068724
72.5	0.49308876350523	0.463369691906568	0.939728759204738	1.56025615928857	1.66032607175816
72.6	0.491824233589222	0.461044971541473	0.937418167008303	1.55294970447195	1.65662428905989
72.7	0.490560880433023	0.458730468355878	0.935114247085808	1.54568196347667	1.6529338188287
72.8	0.489300458963477	0.45642764488833	0.932816711137398	1.53844704317464	1.64924901623898
72.9	0.488044804018505	0.454139761657718	0.930528832431743	1.53125017267578	1.64556983008703
72.9999999999999	0.486792070904964	0.451860327004184	0.928240934911203	1.52408550022036	1.64190722785368
73.0999999999999	0.48554224719752	0.449592312953451	0.925959204473829	1.51694440477629	1.63824107741149
73.1999999999999	0.484293564006311	0.44733562483668	0.923686908279563	1.5098488042889	1.63458937303886
73.2999999999999	0.483051401665431	0.445090536591245	0.921414439657337	1.50278451156391	1.63095394090284
73.3999999999999	0.481810373691643	0.442858098615107	0.919154345353582	1.49575669158034	1.62731830528957
73.4999999999999	0.480572224369117	0.440633774568793	0.916893969782056	1.48875959315263	1.62369875058346
73.5999999999999	0.47934059352426	0.438423793410983	0.914639401156401	1.48179294446158	1.62008431146539
73.6999999999999	0.478110080667289	0.436223263638548	0.912390851558119	1.47486187249104	1.6164803384124
73.7999999999999	0.47688067813257	0.434033568598151	0.910151298848581	1.46797396169572	1.61289003658274
73.8999999999999	0.47565779570978	0.43185651336271	0.907914297332791	1.46110768405525	1.60930132761164
73.9999999999999	0.474434085434251	0.429685366162373	0.905679796950257	1.45427073862117	1.60572284323688
74.0999999999999	0.473215140998151	0.427528151597559	0.903454083687551	1.4474682025438	1.60214916140042
74.1999999999999	0.472000974392665	0.425383361607291	0.901234075108938	1.44070743755949	1.59859405824768
74.2999999999999	0.470789641045361	0.423247604136542	0.899016391262868	1.43397506932551	1.59504885924402
74.3999999999999	0.469579389920916	0.421122217460776	0.89680728434802	1.4272685939053	1.59149977795166
74.4999999999999	0.468371951491042	0.419005726616317	0.894600381774421	1.42059760032052	1.58796891803555
74.5999999999999	0.467169295056248	0.416902772893457	0.892401913621615	1.4139595029332	1.58444248196976
74.6999999999998	0.46596944438237	0.414808576667142	0.890205531002059	1.40734877869798	1.58092567355069
74.7999999999998	0.464770653840844	0.412724447227772	0.888017442187961	1.40077042085677	1.57741318391838
74.8999999999998	0.463574648792924	0.410648943814718	0.885831321630688	1.39421894218942	1.57391018825443
74.9999999999998	0.46238343133216	0.408585318714486	0.883650431714913	1.38770652405528	1.57042476781473
75.0999999999998	0.461197014779767	0.406534853876989	0.881477635043063	1.38121841880231	1.56693529579436
75.1999999999998	0.460009623553648	0.404489516638184	0.879306640399039	1.37476356344768	1.56346318825001
75.2999999999998	0.458827029836468	0.402455864474867	0.877140705111264	1.36833968078911	1.560000206142
75.3999999999998	0.457645473995615	0.400431857051354	0.874982666288076	1.36194651153229	1.55654113390618
75.4999999999998	0.456470454803221	0.398420717441734	0.872829146441664	1.3555786744018	1.55308593890133
75.5999999999998	0.455296470534761	0.396417758840174	0.870680500497991	1.34924796467504	1.54964761919364
75.6999999999998	0.454125237191651	0.39442292796282	0.868533381676748	1.34294203688886	1.54621810194128
75.7999999999998	0.452958823999118	0.392440759152559	0.866393893572372	1.33665897516696	1.54278439066042
75.8999999999998	0.45179343581538	0.390466594887903	0.864259114750536	1.33041217257319	1.53936724515449
75.9999999999998	0.450629065257886	0.388500383386371	0.862128995527707	1.32420123637136	1.53596647745366
76.0999999999998	0.449467423938194	0.386543344691936	0.860003026037076	1.31800745038537	1.53256141022991
76.1999999999998	0.448310615321533	0.384598694202813	0.857884424456411	1.31184898451639	1.52916750452443
76.2999999999998	0.447158654584549	0.382663840833292	0.855767493058636	1.3057189124691	1.5257869959541
76.3999999999998	0.446005578532269	0.380735933579433	0.853657335032383	1.29961200387996	1.52240477595224
76.4999999999997	0.444857348819817	0.378817721053599	0.851548753906353	1.2935395079335	1.51904339240658
76.5999999999997	0.44371398111954	0.376912880279287	0.849450087933433	1.28748825112018	1.51567263269396
76.6999999999997	0.442567750625063	0.375011068513277	0.847352903557994	1.28147086393913	1.51232250288906
76.7999999999997	0.441426383044734	0.373121265066758	0.845262719670621	1.27548067648383	1.5089754307168
76.8999999999997	0.440291605462162	0.371243397685422	0.843176188416624	1.26951880099851	1.50563881954791
76.9999999999997	0.439153933616809	0.369369634920791	0.841093763816972	1.26358362731929	1.50231006539035
77.0999999999997	0.438025042042382	0.36750975565042	0.839015399523348	1.25767494356659	1.49898910589852
77.1999999999997	0.436894950032061	0.365655084851142	0.836940515847824	1.25178764578918	1.49567098507726
77.2999999999997	0.43576804485208	0.363810913182564	0.834872858348434	1.24593740999819	1.4923678468395
77.3999999999997	0.434643833034957	0.361975105199659	0.832808561143317	1.2401080844227	1.48906740670416
77.4999999999997	0.433524533408869	0.360149687877897	0.830748112560055	1.23430436112716	1.48577449947313
77.5999999999997	0.432406221048274	0.358332516580091	0.828694174915874	1.22853199011963	1.48249140310941
77.6999999999997	0.431288888888889	0.356522363883373	0.826643980562232	1.22278473674803	1.47921567869686
77.7999999999997	0.430172529830479	0.354720344211829	0.824600176937416	1.21706240604402	1.47594245075743
77.8999999999997	0.429062806225477	0.352928507094467	0.822556749207012	1.21136582083814	1.47268358323722
77.9999999999997	0.427956330905506	0.351147951694036	0.820522857907133	1.20569850826399	1.46942708133604
78.0999999999997	0.42685254170435	0.349374213282723	0.81848924194695	1.20005068084455	1.46617770807834
78.1999999999997	0.425748029609755	0.347607249967401	0.816462381014474	1.19443742339773	1.46294238555561
78.2999999999996	0.42464618819547	0.345848147218791	0.814438365003275	1.18884322287867	1.45970925973495
78.3999999999996	0.423549319721072	0.344100103269775	0.812420389428042	1.18327829338192	1.45648522461994
78.4999999999996	0.422453424635515	0.342358684430781	0.810405749997558	1.17773675990345	1.45326802025652
78.5999999999996	0.421362523358464	0.340627106007677	0.808394404164645	1.17221844550193	1.45005759498452
78.6999999999996	0.420272599217801	0.338903173311635	0.806388934092758	1.16672866917502	1.44685600192129
78.7999999999996	0.419183645402292	0.337185731809293	0.804386658467305	1.16126168443797	1.44366104561041
78.8999999999996	0.418099708932292	0.33547908622804	0.802390145366898	1.15581732053246	1.44046799079762
78.9999999999996	0.417018441249243	0.333778840056583	0.800393476740972	1.15039611133182	1.43728821481153
79.0999999999996	0.415940518266365	0.332089285365965	0.798405711350529	1.14500713333271	1.43411691205953
79.1999999999996	0.414859493474588	0.330402789920664	0.79642094520588	1.13963482127078	1.43094531620609
79.2999999999996	0.413787603018467	0.328730134489224	0.794441718628658	1.13429491342996	1.42778870599588
79.3999999999996	0.412712597408454	0.327060451608502	0.792465395198046	1.12897134844201	1.42463173191287
79.4999999999996	0.411642659348064	0.325401258825745	0.79049450156866	1.12367964248781	1.42148951100606
79.5999999999996	0.410577809988141	0.323751448971839	0.788526415933657	1.1184039642992	1.41834685775866
79.6999999999996	0.409513943631163	0.322108782807707	0.786563651414566	1.11315449746631	1.41521222785264
79.7999999999996	0.408451053796356	0.320472167498077	0.784603600650415	1.10793097917001	1.41209010288962
79.8999999999996	0.407389133967959	0.318842601906715	0.782648763360958	1.10272810815506	1.40896933564371
79.9999999999996	0.406332333214206	0.317222249257871	0.78069654646617	1.09755074116306	1.40586088939567
80.0999999999995	0.405280673766989	0.315611072547633	0.77874691041668	1.09239365356702	1.40275825040837
80.1999999999995	0.40422414081026	0.314003567374736	0.776805578076861	1.08726617431447	1.39966319115037
80.2999999999995	0.403174443760958	0.312406169849191	0.774866003248996	1.08215406490995	1.396569291171
80.3999999999995	0.402128230724706	0.310817820485388	0.772932106570185	1.0770662510447	1.39348105983601
80.4999999999995	0.401084694456707	0.309236244821752	0.770999863858257	1.07200320895623	1.3904064828127
80.5999999999995	0.400040455802036	0.307660396437507	0.769073207410192	1.06695922735203	1.38733116310858
80.6999999999995	0.399001419302514	0.306093482656712	0.767148856742884	1.06194404446299	1.3842737757203
80.7999999999995	0.39796337461628	0.304533215825916	0.765229252866673	1.05694786305661	1.38121727455807
80.8999999999995	0.396926315610769	0.302979547803325	0.763314337919662	1.05197055002165	1.37816165341358
80.9999999999995	0.39589280624205	0.301434693738723	0.761404827230999	1.04702109178378	1.37511748591283
81.0999999999995	0.394861975290741	0.299895381565778	0.759494203879627	1.04209034024247	1.3720846517581
81.1999999999995	0.393834723391885	0.298365784462322	0.757591361911054	1.03718236918998	1.36905252796659
81.2999999999995	0.392808474532692	0.296842616580311	0.755693005181347	1.03229259747498	1.36602110962673
81.3999999999995	0.391783222791161	0.295324875496234	0.753796636293576	1.02742996861994	1.36300683652798
81.4999999999995	0.390761585696692	0.293815768172252	0.751905455722843	1.02258956564625	1.3599975340825
81.5999999999995	0.389742637854078	0.292312972082196	0.750015378588472	1.01776244975068	1.35698877490499
81.6999999999995	0.388727335670085	0.290819679561266	0.748132824412653	1.01296173723223	1.35398649033678
81.7999999999994	0.387713050004121	0.289331671549505	0.746252083974037	1.00818281215832	1.3509949704789
81.8999999999994	0.386698093515168	0.287848918324868	0.744376357556512	1.0034298281595	1.34801410331376
81.9999999999994	0.385690183581029	0.286375554332697	0.742501537565144	0.998689492428662	1.34503356815075
82.0999999999994	0.384681613565841	0.284907376537116	0.740631645729416	0.993970408083476	1.34205770684367
82.1999999999994	0.383674059534346	0.283445273430546	0.738765799737817	0.989276673948472	1.33909376191962
82.2999999999994	0.38267022743844	0.281992438857024	0.73690718179111	0.984603807530295	1.33613001998045
82.3999999999994	0.38166742259779	0.280544685368783	0.735050121541096	0.979947354794166	1.3331707948563
82.4999999999994	0.380670054167642	0.279105221590688	0.733194582907156	0.975315605463032	1.33022751149613
82.5999999999994	0.379673724462699	0.277671681599254	0.731342897094619	0.970699936416284	1.32728428794831
82.6999999999994	0.378681185078693	0.276246366584881	0.72949588590591	0.966108670024649	1.32435108777194
82.7999999999994	0.377689696743226	0.27482690197424	0.727652632158198	0.96153319702634	1.32141787788833
82.8999999999994	0.376699254290506	0.273412361856544	0.725810732945312	0.956977498548844	1.31849455389763
82.9999999999994	0.375708172545933	0.272003599823893	0.723975733561236	0.952445646387428	1.31557675517983
83.0999999999994	0.374722609510403	0.2706038130449	0.722144344048147	0.947933178362436	1.3126644086812
83.1999999999994	0.373742594906554	0.269211218995755	0.720311847417513	0.943435911135989	1.30976036909351
83.2999999999994	0.372761972573602	0.267825169096672	0.718488442497418	0.938961951186487	1.3068574185031
83.3999999999994	0.371782417552627	0.266443022563013	0.716663860321737	0.934506869790655	1.30396818024439
83.4999999999993	0.370806775299783	0.265070580348902	0.714848266012947	0.930070784528524	1.30107440802225
83.5999999999993	0.369832214460261	0.263701990808663	0.713031424786815	0.925657153428297	1.29819966028153
83.6999999999993	0.368858730303306	0.262339790825201	0.711220229515737	0.921257992515146	1.29532028798228
83.7999999999993	0.367889204467621	0.260984632528247	0.709410956774127	0.916881235582016	1.29245429158764
83.8999999999993	0.366920770093629	0.25963578873025	0.707607227206018	0.912518696157156	1.28958362926878
83.9999999999993	0.365951742627346	0.258290698540967	0.705805352057	0.908182026641096	1.28673156698839
84.0999999999993	0.364988400353513	0.256954256160317	0.704006636680623	0.903859275408145	1.2838789129458
84.1999999999993	0.364030775905438	0.255626426052686	0.702211029869322	0.899554090410868	1.28103098947089
84.2999999999993	0.363066285941716	0.254299865801399	0.700422693177914	0.895270886159863	1.27818657916107
84.3999999999993	0.362113850565912	0.252985096401674	0.698634134005946	0.891004490312337	1.27535207191115
84.4999999999993	0.361156221063064	0.251671541319983	0.696849525613006	0.886755628177197	1.27252096124645
84.5999999999993	0.360202686624269	0.250365661839822	0.695068835233261	0.882531460007906	1.26970368296218
84.6999999999993	0.359250283062124	0.249065000697398	0.693291035359679	0.87832040239332	1.26688556118088
84.7999999999993	0.358303697934749	0.247772767089511	0.691516075657788	0.874125960162238	1.2640717850713
84.8999999999993	0.357356580321606	0.246484883294556	0.689744912694009	0.869948513100919	1.26126122438957
84.9999999999993	0.356408925791385	0.245201326816096	0.687977514232115	0.865795030776834	1.25846413998456
85.0999999999993	0.355467142269173	0.243926113491754	0.686212829502662	0.861654165987282	1.25566606880809
85.1999999999993	0.354526521530805	0.242655964360281	0.684450808680038	0.85753281993076	1.25287721053981
85.2999999999993	0.353588453011865	0.241393309516077	0.682695680415719	0.853431965635683	1.25009135126796
85.3999999999992	0.352653248159686	0.240134880955862	0.680937669535161	0.849342766378165	1.24731352718078
85.4999999999992	0.35171585630152	0.238881433366585	0.679188694756475	0.845277235210146	1.24453961282913
85.5999999999992	0.350784436021686	0.237635411622079	0.677440009360587	0.84122711073621	1.2417735874948
85.6999999999992	0.349854213377727	0.236394314546542	0.675693776171032	0.837192253158031	1.23901134312967
85.7999999999992	0.348928326722832	0.235160596925618	0.67395100631201	0.833173194823573	1.23625187442461
85.8999999999992	0.348001974314555	0.233931748763105	0.672213855176743	0.829176497022806	1.23350105124625
85.9999999999992	0.347076836470754	0.232706980981665	0.670476841231881	0.825194624207087	1.23075783302364
86.0999999999992	0.346156092432885	0.231489527901186	0.668743185405784	0.821228157124814	1.22801723448816
86.1999999999992	0.345234899328859	0.230276866177007	0.667015028389853	0.817283527074574	1.22528502700676
86.2999999999992	0.344314938736348	0.229068964618832	0.665289067792194	0.81335005574136	1.2225513616818
86.3999999999992	0.343399431480654	0.227868307716365	0.663566351096893	0.809434869516494	1.21982506825199
86.4999999999992	0.34248517913064	0.226671620097895	0.661843588891279	0.80553385080973	1.21710607208444
86.5999999999992	0.341570492402357	0.225479617284152	0.660126159312807	0.80165400496439	1.21439514804097
86.6999999999992	0.340660320353439	0.22429479863036	0.658411870210337	0.797788815261758	1.2116865617974
86.7999999999992	0.339754703015792	0.223117876180099	0.656702833543201	0.793941330051981	1.20898112433643
86.8999999999992	0.338845404586694	0.221941572681704	0.65499360380117	0.790107467621934	1.20628272251309
86.9999999999991	0.337940684106639	0.220773115608238	0.653289544559756	0.786294125043221	1.2035920849967
87.0999999999991	0.337042271875219	0.219611762093245	0.651585217698005	0.782491038442532	1.20090360737005
87.1999999999991	0.336136777229266	0.218451676979672	0.649889246812987	0.778709028345945	1.19821805356017
87.2999999999991	0.335237615025841	0.217298654098821	0.648192936470065	0.77494011870758	1.19553928330005
87.3999999999991	0.334343138048228	0.216152679143616	0.646499522632453	0.771188093325117	1.19286722778224
87.4999999999991	0.333450007609192	0.215011170388494	0.644807813711284	0.767451910162227	1.19020255934097
87.5999999999991	0.332556530234262	0.213873399827221	0.643118929814917	0.763729345747905	1.1875398318126
87.6999999999991	0.331667806506272	0.212743319954692	0.641434941171079	0.760023273855702	1.18487975174554
87.7999999999991	0.330778760699513	0.211616939049553	0.639753709101628	0.75633649028521	1.18223072336273
87.8999999999991	0.329889389846871	0.210494239767232	0.638075204131116	0.75266298718365	1.17958350725848
87.9999999999991	0.329006536553706	0.209379169275452	0.636398204937406	0.749004614268739	1.1769433170265
88.0999999999991	0.328123385346698	0.208268425385102	0.634725943611254	0.745359316028653	1.17430100901178
88.1999999999991	0.327239933451159	0.207161301541783	0.633056300180132	0.74173272541346	1.17166944741314
88.2999999999991	0.32636137713032	0.206061063640512	0.631389245419899	0.738121826826769	1.16904402819831
88.3999999999991	0.325482546950867	0.20496508870687	0.629726818310201	0.734526495634819	1.16642085786633
88.4999999999991	0.324605138561182	0.203872680613925	0.628063626834726	0.73094278437641	1.16380371851841
88.5999999999991	0.32373270075521	0.202787110517907	0.626402924526441	0.727374408306612	1.16119254848068
88.6999999999991	0.322860015899507	0.201705741500895	0.624746737185559	0.723821246336937	1.1585834759181
88.7999999999991	0.32199236306597	0.200631178507023	0.62309297213337	0.720283178569119	1.15598026423406
88.899999999999	0.321124492034142	0.199560775327031	0.621443646552547	0.716762808219438	1.15338343580415
88.999999999999	0.320256400716476	0.198493852864051	0.619796676725217	0.713254555862629	1.15078796425823
89.099999999999	0.319395122159303	0.197434342368948	0.61815077523468	0.709759946713696	1.14819874883152
89.199999999999	0.318531951086433	0.196378278907482	0.616510457546516	0.706283719454142	1.14561514863006
89.299999999999	0.317670292635544	0.195325647235843	0.614869100964172	0.702818197590652	1.14303710576539
89.399999999999	0.316808441908043	0.194277073628119	0.613231997411576	0.699367052861064	1.14046079756611
89.499999999999	0.315951798378516	0.193235198900612	0.611597085037362	0.695932789535015	1.13789422245611
89.599999999999	0.315100412923084	0.192200013882508	0.609964335176622	0.692510047771478	1.13532875257527
89.699999999999	0.314243463794669	0.191165527300148	0.608335731129345	0.689103932984168	1.13276912356419
89.799999999999	0.313391805210106	0.190137698928788	0.606709223941942	0.685711721011647	1.13021476178721
89.899999999999	0.312545489369853	0.189117146471169	0.60508678865423	0.682333304705966	1.12766187842828
89.999999999999	0.311695299588762	0.188096602863362	0.603463071504541	0.678964850084436	1.12511416546443
90.099999999999	0.310848775973382	0.187082678548931	0.601844668563055	0.675616228306865	1.12257574686164
90.199999999999	0.310007682486694	0.186075982961557	0.600230231292878	0.672281053765838	1.12003864303496
90.299999999999	0.309162697070355	0.185069246192455	0.598614412237256	0.668955514007597	1.11750652896486
90.399999999999	0.308321463544912	0.184069091513038	0.597003819963461	0.665646932464214	1.11497935223422
90.4999999999989	0.307487466922725	0.183076120231475	0.595393763731789	0.662347794897963	1.11245336321046
90.5999999999989	0.306646127993278	0.182083058931529	0.593788873588909	0.659067835717582	1.10993631748962
90.6999999999989	0.305810345990423	0.181097146965239	0.592187770425892	0.655800787297094	1.10742034882864
90.7999999999989	0.304981897339304	0.180117769310703	0.590585116303855	0.65254287186281	1.10490910429087
90.8999999999989	0.304146083374358	0.179138253977776	0.588987541744156	0.64930374398354	1.10240658412022
90.9999999999989	0.303317643184438	0.178165845654081	0.587390313941427	0.646071166544387	1.09990095377843
91.0999999999989	0.30249319158149	0.177199938589289	0.585798105613072	0.642857142857143	1.09740392926733
91.1999999999989	0.301663074486757	0.176233847345938	0.584207555551102	0.63965785836009	1.09491541538979
91.2999999999989	0.300840432550268	0.175274822606144	0.582617240376613	0.636464875127793	1.09242368920695
91.3999999999989	0.300016118447563	0.174318922986872	0.581031858851074	0.633290072328511	1.08994035814279
91.4999999999989	0.299197633915419	0.173369483355927	0.579448042710582	0.630127362800162	1.08746137074259
91.5999999999989	0.298379243183083	0.17242372676966	0.57786769927512	0.626978934973178	1.08498698882056
91.6999999999989	0.297560947234325	0.17148105810457	0.576288856781772	0.623842390988794	1.08251683794925
91.7999999999989	0.296748584437569	0.170544820182501	0.574711486849168	0.620717642497654	1.08005087196136
91.8999999999989	0.295930501613857	0.169608294079926	0.573135561069125	0.617606836369951	1.07759294366218
91.9999999999989	0.295118395372352	0.1686787469886	0.571562971450075	0.614505402408054	1.07513158322526
92.0999999999989	0.294310593010359	0.167756167110537	0.569997040862992	0.61142352156113	1.07267841362021
92.1999999999989	0.293504709692316	0.166836054760591	0.56842718106802	0.608347229775724	1.070228958145
92.2999999999989	0.292697273434854	0.165919524163969	0.566863921268806	0.605288048305947	1.06778368775197
92.3999999999989	0.291891762966143	0.165005999973034	0.565298582927717	0.602236490562786	1.06534229653251
92.4999999999988	0.29109068495446	0.164099398159393	0.563739778155615	0.599201810091042	1.06290496663451
92.5999999999988	0.290289839405187	0.163195229911641	0.562180303127501	0.596178152379793	1.06047499185432
92.6999999999988	0.289489228840428	0.162294588941341	0.560623929226745	0.593165436759911	1.05804516332018
92.7999999999988	0.288687109438802	0.161397456709957	0.559073998917749	0.590169260373936	1.05561922306597
92.8999999999988	0.287893046440042	0.160506113164629	0.557519937175894	0.587180264166414	1.05320047770984
92.9999999999988	0.287097521144612	0.159618257767479	0.555972260335464	0.58420758471665	1.05078549128359
93.0999999999988	0.286308398926053	0.158736725033569	0.554425666969578	0.581245467601348	1.04837402420123
93.1999999999988	0.285513473697133	0.157855261728931	0.552882004778454	0.578295888991044	1.04596619892299
93.2999999999988	0.284725003234531	0.156979568267124	0.55133748874811	0.575354653924411	1.04356163995094
93.3999999999988	0.283935119625509	0.156107312728002	0.549799239114544	0.572431345618792	1.04116431034117
93.4999999999988	0.283153543453704	0.155241880597828	0.548260419786023	0.569514699696356	1.03876675963336
93.5999999999988	0.282370604799521	0.154378806250766	0.546724069810215	0.566611717280111	1.03637602324112
93.6999999999988	0.28158806388274	0.153519134066309	0.545190488366147	0.563718785691121	1.03398499739146
93.7999999999988	0.280805925182024	0.152662326140071	0.543657780871654	0.560837806917188	1.03160080964534
93.8999999999988	0.280028729295691	0.151811788494315	0.542129333929919	0.557972186287193	1.02922338151752
93.9999999999987	0.279251988920228	0.150964618682457	0.540603557619	0.555116341117493	1.02684551977869
94.0999999999987	0.27847570923449	0.150119772773937	0.539076723016905	0.552272137653468	1.0244778045001
94.1999999999987	0.277699895496138	0.149278271413793	0.537552494022703	0.549437545295722	1.0221095640057
94.2999999999987	0.276929178180329	0.148443527068125	0.536034259891035	0.546615991916282	1.01974077557542
94.3999999999987	0.276158982920252	0.147611088421132	0.534514890155714	0.543805802597167	1.01738195251913
94.4999999999987	0.275389315732481	0.146781962223184	0.532998028019981	0.541006873127849	1.01502603140507
94.5999999999987	0.274626653208065	0.145959069697063	0.531481806270569	0.538217225960132	1.01267290735091
94.6999999999987	0.273862802283814	0.145138970168059	0.529969637927117	0.535440273227465	1.01032254474378
94.7999999999987	0.273099544855828	0.144321655140094	0.528458058091172	0.53267431278699	1.00797840931984
94.8999999999987	0.272336887858971	0.143507611219002	0.526948854953933	0.529919244057778	1.00563695902538
94.9999999999987	0.271573053644303	0.142695837735927	0.525441813247146	0.527176605496641	1.00330158774151
95.0999999999987	0.270816427511133	0.141890770826132	0.523937089526443	0.524444675108989	1.00096879108712
95.1999999999987	0.270060471185116	0.141088457971737	0.522432836440643	0.521721552230554	0.998638515498116
95.2999999999987	0.26930340186717	0.140289377149805	0.520934292612465	0.51901241725854	0.996310714458272
95.3999999999987	0.268553690043059	0.139496013953763	0.519434359406479	0.516311934510987	0.993988797931926
95.4999999999987	0.267804721116339	0.138705870101017	0.517936612628875	0.51362181142208	0.991669248511136
95.5999999999987	0.26705470695108	0.137918452027231	0.516442692966635	0.510943634950869	0.98935204604372
95.6999999999987	0.266305449337243	0.137133752200444	0.514949102775516	0.508275644195374	0.98704054722268
95.7999999999987	0.26555515611116	0.136351763169351	0.51345929473226	0.505621175954125	0.984734683238675
95.8999999999987	0.264814247284367	0.135575964240637	0.511966276856133	0.50297155188655	0.982431020603901
95.9999999999986	0.264070566515095	0.134803339802572	0.510482260789433	0.500338702393497	0.980129459581514
96.0999999999986	0.263329534375987	0.134033407883701	0.508994967850154	0.497710560126842	0.977830021049179
96.1999999999986	0.262594441074284	0.133269660012455	0.507511352743201	0.495097286357384	0.975539332630264
96.2999999999986	0.261851531406818	0.132505096215141	0.506031396888332	0.492493710670385	0.973247339391997
96.3999999999986	0.261116439403417	0.131746710803153	0.504551575167616	0.489899729320236	0.970960657802897
96.4999999999986	0.260382282950794	0.13099099858168	0.503071856876044	0.487315255021187	0.968679222183681
96.5999999999986	0.259649073632873	0.130237952971776	0.501592211170082	0.484740201290077	0.966402967381225
96.6999999999986	0.25892021587239	0.129491542123988	0.500121404918835	0.482179632023396	0.964125164971993
96.7999999999986	0.258194202058884	0.12874778920073	0.498647096542345	0.47962492925911	0.961852445516807
96.8999999999986	0.257467398861976	0.128006236463558	0.497174543376579	0.477082790345019	0.95958812996517
96.9999999999986	0.256739811912226	0.127267782914417	0.495707237481061	0.474551515684273	0.957322144610412
97.0999999999986	0.256015110214419	0.126531968911551	0.494236331619555	0.472025882011259	0.95506107465731
97.1999999999986	0.255294996695117	0.125802328833565	0.492772402366361	0.469514354817491	0.952801643441918
97.2999999999986	0.254568804427033	0.125072223856736	0.491310096452081	0.467011695256194	0.950543655887893
97.3999999999986	0.25385094697793	0.124347844604235	0.489845896123624	0.464517822705228	0.948293792764564
97.4999999999985	0.253132412648981	0.123626090510119	0.488385067784865	0.462036019135796	0.946048619445761
97.5999999999985	0.252422360248447	0.122910951471096	0.486925767392875	0.459561292749107	0.943801547430352
97.6999999999985	0.251704374500062	0.122194433756573	0.485468057514999	0.457098482790083	0.941562427670045
97.7999999999985	0.250994958875033	0.121484525491203	0.484011814562733	0.454644149577805	0.939324487334137
97.8999999999985	0.250284969874613	0.120777226131371	0.482558845590599	0.452200049537096	0.937087888180047
97.9999999999985	0.249576271186441	0.12007253063239	0.481105555674771	0.449764284997827	0.934855729044769
98.0999999999985	0.248874487639896	0.119374015184071	0.479655493482309	0.447340119968472	0.932627950783536
98.1999999999985	0.248164728289804	0.118674091790887	0.478206925733219	0.444925984125872	0.930404726873584
98.2999999999985	0.247463830876871	0.117980775790566	0.476759675838321	0.442521438022203	0.928185541791229
98.3999999999985	0.246764347687955	0.117290053967375	0.475311993269359	0.440123448569754	0.925967479891333
98.4999999999985	0.246064427898496	0.116602341623583	0.473869151341465	0.437736752659778	0.923750261903733
98.5999999999985	0.245364081744784	0.115916792847357	0.472427716490014	0.435359820862002	0.921537423961036
98.6999999999985	0.244665194996321	0.115233825026534	0.470985769055819	0.432990717170745	0.919328662602179
98.7999999999985	0.243975486195587	0.114557048969352	0.469543275661372	0.430630797896677	0.917126961918718
98.8999999999985	0.243283582089552	0.113882855487981	0.468107442803359	0.428282333146754	0.914923143673802
98.9999999999985	0.242585486351702	0.113207615567542	0.466671016762369	0.425942898359875	0.912726274099784
99.0999999999985	0.24190452410306	0.112542609150213	0.465235652650571	0.423609596149905	0.910526942070087
99.1999999999985	0.241215522444213	0.111876138301082	0.463801571173582	0.421288469158632	0.90833773609827
99.2999999999985	0.240526261918447	0.111212234838418	0.46237044533676	0.418976647830547	0.906149283666676
99.3999999999985	0.239846561474275	0.110554540847761	0.46093861078604	0.416672159240706	0.903964539941998
99.4999999999984	0.239158761182883	0.109895766780453	0.459509684014531	0.414376864271181	0.901780481862658
99.5999999999984	0.23848063277702	0.109243605305878	0.458081664887316	0.412090134952456	0.899599714504675
99.6999999999984	0.237802384598731	0.10859360697155	0.456654827725092	0.409812471453404	0.897422837934196
99.7999999999984	0.237124031382405	0.107946169924095	0.455230831285981	0.407545162974076	0.895249475574406
99.8999999999984	0.236455593768966	0.107304963497216	0.453805984400018	0.405284855481472	0.893079574561591
99.9999999999984	0.235779033372627	0.106662645639638	0.45238392962222	0.403034761154271	0.890913082369748

